QTL mutations	f	e0	e1
m2_0	1	0.108131	-0.345001
m2_1	1	-0.496709	0.134824
m2_2	1	0.198923	-0.332168
m2_3	1	0.199303	0.263219
m2_4	1	0.224282	0.0672815
m2_5	1	-0.299673	0.112686
m2_6	1	0.100797	0.0417985
m2_7	1	-0.159764	0.00792175
m2_8	1	0.0212794	0.0737677
m2_9	1	0.0803181	-0.121631
m2_10	1	0.29096	-0.131047
m2_11	1	0.0199564	-0.265499
m2_12	1	-0.405578	0.234691
m2_13	1	0.473733	-0.392997
m2_14	1	-0.260505	-0.177229
m2_15	1	-0.359155	-0.0402553
m2_16	1	0.0890239	-0.227957
m2_17	1	0.239851	-0.111702
m2_18	1	-0.126076	0.141258
m2_19	1	-0.332666	-0.129518
m2_20	1	0.0152714	0.168849
m2_21	1	-0.194499	-0.151032
m2_22	1	-0.00644902	-0.16791
m2_23	1	0.31366	0.0818488
m2_24	1	0.218918	0.00400793
m2_25	1	0.329516	0.236027
m2_26	1	-0.00377582	0.253536
m2_27	1	0.432512	-0.268028
m2_28	1	-0.0218104	-0.136895
m2_29	1	-0.10458	0.280719
m2_30	1	-0.0624764	-0.0305202
m2_31	1	0.174106	-0.0476746
m2_32	1	0.160865	0.0153714
m2_33	1	-0.450167	0.514966
m2_34	1	-0.303972	0.332903
m2_35	1	0.0351214	0.32483
m2_36	1	-0.125424	0.178248
m2_37	1	0.100962	-0.265339
m2_38	1	-0.147661	-0.0191753
m2_39	1	-0.0542735	0.0138511
m2_40	1	0.213541	-0.338281
m2_41	1	0.106754	0.138178
m2_42	1	-0.0229191	0.0197225
m2_43	1	-0.147265	0.285059
m2_44	1	-0.0340359	0.0467274
m2_45	1	-0.0147472	-0.131651
m2_46	1	-0.0972053	0.19347
m2_47	1	-0.257607	0.448235
m2_48	1	0.0585681	-0.204587
m2_49	1	0.115042	-0.183318
m2_50	1	-0.297327	-0.127516
m2_51	1	-0.0851293	-0.0934071
m2_52	1	0.564837	-0.12147
m2_53	1	-0.427179	-0.0301512
m2_54	1	0.108318	-0.0922253
m2_55	1	0.112423	0.197237
m2_56	1	-0.25856	0.0268948
m2_57	1	0.0797325	0.098814
m2_58	1	-0.367714	-0.0801864
m2_59	1	-0.0818739	-0.326506
m2_60	1	-0.105432	0.175786
m2_61	1	0.0966388	-0.0952326
m2_62	1	-0.0445761	0.100955
m2_63	1	0.319378	-0.16052
m2_64	1	0.343191	0.259771
m2_65	1	0.415813	-0.136128
m2_66	1	-0.0317343	-0.250209
m2_67	1	0.579953	-0.098033
m2_68	1	0.229037	0.0873788
m2_69	1	0.0364366	0.120092
m2_70	1	-0.285684	0.34087
m2_71	1	-0.303818	-0.0643838
m2_72	1	-0.2468	-0.412288
m2_73	1	0.41207	0.152987
m2_74	1	0.0891974	-0.106756
m2_75	1	0.0464332	0.0632084
m2_76	1	0.441558	0.198791
m2_77	1	-0.265967	-0.199897
m2_78	1	0.147256	-0.051782
m2_79	1	-0.140351	-0.194073
m2_80	1	-0.0598575	-0.256042
m2_81	1	-0.0748092	-0.0665761
m2_82	1	-0.53881	0.0572617
m2_83	1	-0.238309	-0.060286
m2_84	1	0.18379	-0.334242
m2_85	1	-0.322497	-0.0625619
m2_86	1	0.0107334	-0.232453
m2_87	1	-0.0851732	0.1031
m2_88	1	0.0256606	0.112216
m2_89	1	-0.0196919	0.0423824
m2_90	1	-0.430537	0.34468
m2_91	1	-0.105447	-0.0163492
m2_92	1	-0.0237642	0.0567257
m2_93	1	0.429229	0.0905034
m2_94	1	-0.16066	0.424622
m2_95	1	-0.0245337	-0.0202885
m2_96	0.9985	0.0681171	0.124256
m2_97	0.998	0.448983	-0.304991
m2_98	0.9905	0.0896315	0.173059
m2_99	0.7535	-0.234583	0.536344
m2_100	0.387	0.0560959	0.0168902
m2_101	0.266	0.237108	-0.664394
m2_102	0.2525	-0.0615074	0.531521
m2_103	0.1885	0.073053	-0.150416
m2_104	0.1385	0.195227	-0.27527
m2_105	0.103	-0.545738	0.248232
m2_106	0.087	-0.0217455	-0.270112
m2_107	0.0615	-0.034698	0.123898
m2_108	0.044	-0.1139	0.16664
m2_109	0.027	0.438167	-0.0436257
m2_110	0.025	-0.338924	0.0495382
m2_111	0.0215	-0.0598964	0.2165
m2_112	0.0165	0.363067	-0.0146779
m2_113	0.014	-0.316841	-0.130028
m2_114	0.0105	-0.261734	-0.442445
m2_115	0.01	-0.135024	-0.08584
m2_116	0.008	-0.192221	-0.17655
m2_117	0.007	0.958735	-0.0353549
m2_118	0.007	-0.497039	0.494107
m2_119	0.0065	0.234912	-0.534701
m2_120	0.0065	-0.334753	0.258367
m2_121	0.006	0.916188	0.549151
m2_122	0.0055	-0.38976	0.597271
m2_123	0.005	0.589403	-0.161706
m2_124	0.004	0.65028	-0.0716776
m2_125	0.004	-0.450184	-0.57787
m2_126	0.003	-0.610869	0.605147
m2_127	0.0025	0.546496	-0.823691
m2_128	0.0025	-0.425624	0.124151
m2_129	0.0025	-0.0835506	0.179053
m2_130	0.002	0.244431	-0.764417
m2_131	0.002	-0.757844	-0.718598
m2_132	0.002	0.311479	0.905878
m2_133	0.002	-0.580145	-0.339093
m2_134	0.0015	0.341351	0.164182
m2_135	0.0015	0.199969	-0.0421477
m2_136	0.0015	0.611503	-0.721648
m2_137	0.0015	0.242263	0.252444
m2_138	0.0015	-0.760127	-0.315883
m2_139	0.0015	0.659949	0.924569
m2_140	0.0015	0.696885	0.573486
m2_141	0.0015	-0.495698	1.01933
m2_142	0.001	0.648111	1.65748
m2_143	0.001	-0.434472	0.285625
m2_144	0.001	0.340734	-0.466335
m2_145	0.001	0.932302	-0.175327
m2_146	0.001	-0.820666	0.0694636
m2_147	0.001	-1.56128	-0.196815
m2_148	0.001	0.274398	-1.52735
m2_149	0.001	-0.697743	0.740241
m2_150	0.001	-0.271348	-0.441993
m2_151	0.001	-0.377607	-0.604781
m2_152	0.0005	-1.38166	-0.521964
m2_153	0.0005	0.26244	0.0306302
m2_154	0.0005	-1.35016	0.601891
m2_155	0.0005	0.49074	0.238504
m2_156	0.0005	0.53418	-0.532385
m2_157	0.0005	-1.31011	0.439674
m2_158	0.0005	1.57702	-0.933835
m2_159	0.0005	-1.75952	-0.0316076
m2_160	0.0005	0.392286	-1.2615
m2_161	0.0005	0.0615224	1.5883
m2_162	0.0005	-0.377564	-0.636164
m2_163	0.0005	1.01205	-0.378421
m2_164	0.0005	1.46543	-2.01478
m2_165	0.0005	0.511874	-0.911233
m2_166	0.0005	-0.814885	-0.810125
m2_167	0.0005	-2.2628	0.528603
m2_168	0.0005	-1.18579	-0.785138
m2_169	0.0005	-0.225929	0.354473
m2_170	0.0005	0.575567	-0.204657
m2_171	0.0005	-0.174699	-0.155136
m2_172	0.0005	0.460757	-1.32041
m2_173	0.0005	1.3044	-0.353907
m2_174	0.0005	-0.282495	-0.206922
m2_175	0.0005	1.02764	0.439958
m2_176	0.0005	-0.561909	0.374281
m2_177	0.0005	1.15308	1.78422
m2_178	0.0005	-0.683746	-1.63502
m2_179	0.0005	1.10071	-1.37408
m2_180	0.0005	1.9706	-0.153775
m2_181	0.0005	0.363519	-0.414944
m2_182	0.0005	0.710374	0.933231
m2_183	0.0005	-1.58043	0.291047
m2_184	0.0005	-0.606484	1.7691
m2_185	0.0005	0.0298878	0.172671
m2_186	0.0005	-1.7852	-1.55976
m2_187	0.0005	-0.169272	1.21579
m2_188	0.0005	0.646815	-1.05163
m2_189	0.0005	1.81997	1.2128
m2_190	0.0005	-1.01684	-0.913207
m2_191	0.0005	0.455813	1.86771
m2_192	0.0005	1.4946	0.657644
m2_193	0.0005	-2.10143	-1.06327
m2_194	0.0005	-1.10654	-0.00919598
m2_195	0.0005	1.48783	1.60213
m2_196	0.0005	0.131437	0.338049
m2_197	0.0005	-0.56842	-0.388788
m2_198	0.0005	-0.868318	-1.23337
m2_199	0.0005	0.685221	0.288589
m2_200	0.0005	-0.634631	-0.85237
m2_201	0.0005	-1.07839	-0.699885
m2_202	0.0005	0.741453	0.649864
m2_203	0.0005	-1.14155	0.960835
m2_204	0.0005	1.01599	0.118256
m2_205	0.0005	-0.564224	0.0982011
m2_206	0.0005	-0.390782	-1.75481
m2_207	0.0005	-0.587945	-0.122814
m2_208	0.0005	-0.456731	0.480154
m2_209	0.0005	-0.61477	1.78576
m2_210	0.0005	1.43737	0.503304
m2_211	0.0005	-1.54714	-1.00328
m2_212	0.0005	-1.0551	0.208778
m2_213	0.0005	0.0590291	-0.303542
m2_214	0.0005	0.317937	-0.978569
m2_215	0.0005	-0.757585	0.484761
m2_216	0.0005	-0.789118	0.547931

