id x y phenotype0 envi phenotype0-1 phenotype1 envi2 phenotype1-1
0 0.0112316 0.33119 0.32066 -0.889291 0.32066 -0.335454 0.886277 -0.335454
1 0.862008 0.0207794 -0.657939 0.307904 -0.657939 0.788893 0.0384061 0.788893
2 0.656289 0.795596 -0.0040644 0.461542 -0.0040644 -0.055982 -0.862104 -0.055982
3 0.520086 0.165483 -0.0147323 -0.618838 -0.0147323 0.604876 0.252253 0.604876
4 0.00883523 0.370558 -0.611155 -0.948877 -0.611155 0.287807 0.834237 0.287807
5 0.178186 0.336711 -0.114754 -0.468825 -0.114754 0.459283 0.981929 0.459283
6 0.445751 0.691053 -0.305411 -0.0374014 -0.305411 1.12433 -1.01858 1.12433
7 0.391492 0.0336435 -0.4573 -1.08326 -0.4573 -0.115178 0.813101 -0.115178
8 0.153053 0.494959 -0.66683 -0.829992 -0.66683 1.25954 0.364452 1.25954
9 0.121175 0.480822 -0.836815 -0.868677 -0.836815 0.472897 0.479024 0.472897
10 0.207059 0.341799 -0.813998 -0.405333 -0.813998 0.104797 0.975567 0.104797
11 0.692184 0.199444 -1.28391 0.127117 -1.28391 0.37989 0.146874 0.37989
12 0.905958 0.790246 2.10854 0.656947 2.10854 -0.518976 -0.33742 -0.518976
13 0.402829 0.325295 -1.20315 -0.337508 -1.20315 1.10067 0.536883 1.10067
14 0.0440482 0.610271 -0.167771 -1.12779 -0.167771 0.58732 0.21187 0.58732
15 0.342406 0.218086 -0.366302 -0.293713 -0.366302 0.237908 1.00507 0.237908
16 0.768732 0.673027 0.443417 0.494511 0.443417 -1.84533 -0.143068 -1.84533
17 0.019946 0.368951 -0.437673 -0.919501 -0.437673 -0.257575 0.83687 -0.257575
18 0.97759 0.665492 -0.174651 0.607569 -0.174651 0.675783 -0.0482533 0.675783
19 0.307525 0.777099 -0.456037 -0.484924 -0.456037 0.684846 -0.279913 0.684846
20 0.236068 0.996149 -0.35528 -0.683306 -0.35528 0.149638 -0.92965 0.149638
21 0.668309 0.482487 -0.290162 -0.0061809 -0.290162 1.15744 0.345864 1.15744
22 0.401188 0.989057 -0.122724 -0.43409 -0.122724 -0.634967 -0.254046 -0.634967
23 0.905405 0.273099 0.373893 0.939754 0.373893 -0.908761 0.242828 -0.908761
24 0.568329 0.335801 -0.199406 -0.187179 -0.199406 -0.579433 0.221666 -0.579433
25 0.591227 0.653827 -0.0654167 0.172971 -0.0654167 0.0395744 -0.69948 0.0395744
26 0.0113462 0.390453 0.00501535 -0.969908 0.00501535 0.264156 0.807987 0.264156
27 0.686907 0.485138 -0.305411 0.050919 -0.305411 1.12433 0.360312 1.12433
28 0.897703 0.798886 -0.398651 0.663263 -0.398651 0.775672 -0.344831 0.775672
29 0.212369 0.331202 0.553196 -0.369686 0.553196 0.249892 1.02969 0.249892
30 0.998263 0.473054 0.0704807 0.696355 0.0704807 0.0384519 0.456364 0.0384519
31 0.605779 0.990381 0.25896 0.0881372 0.25896 -0.369221 -0.289705 -0.369221
32 0.30779 0.514693 0.0467751 -0.618517 0.0467751 0.0733547 0.129311 0.0733547
33 0.990772 0.485005 1.81621 0.650949 1.81621 -1.2649 0.468101 -1.2649
34 0.630841 0.02847 -0.244899 -0.655332 -0.244899 -0.510113 0.0406093 -0.510113
35 0.642835 0.992442 0.173333 0.214545 0.173333 0.861991 -0.444067 0.861991
36 0.362083 0.620292 0.325546 -0.42874 0.325546 -1.0278 -0.242768 -1.0278
37 0.335924 0.85081 0.462544 -0.428662 0.462544 0.123497 -0.494227 0.123497
38 0.772059 0.380229 -0.105347 0.391444 -0.105347 0.642177 0.338834 0.642177
39 0.163021 0.830866 -1.25875 -0.865809 -1.25875 0.352448 -0.314948 0.352448
40 0.291934 0.469733 -0.0977973 -0.572184 -0.0977973 0.291977 0.28268 0.291977
41 0.0271393 0.351611 -0.144881 -0.877236 -0.144881 0.972958 0.86497 0.972958
42 0.304766 0.160944 0.333395 -0.459841 0.333395 0.257022 1.17065 0.257022
43 0.223806 0.973723 0.153734 -0.699595 0.153734 -0.222958 -0.842525 -0.222958
44 0.573077 0.634004 0.305411 0.0802936 0.305411 -0.368569 -0.633509 -0.368569
45 0.78748 0.350507 -0.256549 0.46238 -0.256549 -0.544445 0.318342 -0.544445
46 0.627971 0.806919 0.318164 0.407151 0.318164 -0.412517 -0.938357 -0.412517
47 0.806246 0.555327 0.480155 0.387026 0.480155 -0.761 0.251304 -0.761
48 0.00886987 0.371916 -0.0648175 -0.950635 -0.0648175 0.0643032 0.8325 0.0643032
49 0.587504 0.338425 0.193085 -0.130549 0.193085 -0.471788 0.231974 -0.471788
50 0.591686 0.988443 0.621403 0.0424621 0.621403 -0.28734 -0.237932 -0.28734
51 0.680945 0.518744 -0.53845 0.0574749 -0.53845 0.00806789 0.27667 0.00806789
52 0.625757 0.334182 0.113886 -0.00883503 0.113886 -0.44129 0.248671 -0.44129
53 0.00536904 0.354254 0.326809 -0.935431 0.326809 -0.22778 0.854008 -0.22778
54 0.46764 0.468729 0.205389 -0.53597 0.205389 -0.514162 0.234244 -0.514162
55 0.611138 0.81211 0.505295 0.373877 0.505295 -0.781014 -0.97663 -0.781014
56 0.319492 0.479515 0.498592 -0.585093 0.498592 -1.16167 0.236882 -1.16167
57 0.641236 0.976685 -0.166279 0.227489 -0.166279 0.832169 -0.475773 0.832169
58 0.473807 0.480154 -0.0975897 -0.547591 -0.0975897 0.0354225 0.228554 0.0354225
59 0.624233 0.995024 0.0465578 0.145972 0.0465578 0.0257137 -0.3543 0.0257137
60 0.349686 0.787183 0.0754855 -0.324042 0.0754855 0.0305999 -0.569794 0.0305999
61 0.965281 0.982023 0.0766479 0.997954 0.0766479 -0.249467 -0.0814749 -0.249467
62 0.614444 0.975395 -0.17085 0.140179 -0.17085 0.442393 -0.380677 0.442393
63 0.646726 0.796951 0.483767 0.446701 0.483767 -1.00348 -0.896372 -1.00348
64 0.795627 0.701717 -1.76632 0.542102 -1.76632 -0.103193 -0.227076 -0.103193
65 0.622001 0.997581 -0.0534643 0.13457 -0.0534643 -0.119879 -0.335917 -0.119879
66 0.310718 0.804975 -0.0141091 -0.486068 -0.0141091 -0.380953 -0.345031 -0.380953
67 0.00824785 0.360699 -0.654646 -0.93696 -0.654646 -0.252417 0.846725 -0.252417
68 0.563099 0.632901 -0.188431 0.0571612 -0.188431 1.10262 -0.660187 1.10262
69 0.503355 0.509891 0.244527 -0.51361 0.244527 -0.329966 0.153436 -0.329966
70 0.0265652 0.621377 -0.299999 -1.17341 -0.299999 0.575918 0.172655 0.575918
71 0.308622 0.445076 0.00474986 -0.521134 0.00474986 0.30952 0.380323 0.30952
72 0.528013 0.126548 -0.856469 -0.755037 -0.856469 1.26591 0.276568 1.26591
73 0.649433 0.796853 0.169166 0.450619 0.169166 -0.496769 -0.886177 -0.496769
74 0.485035 0.499785 -0.222718 -0.565719 -0.222718 -0.651522 0.226639 -0.651522
75 0.302935 0.799612 -0.841637 -0.512817 -0.841637 -0.296159 -0.291535 -0.296159
76 0.330981 0.813153 -0.207616 -0.416668 -0.207616 -0.535944 -0.461031 -0.535944
77 0.589697 0.329555 0.175707 -0.115584 0.175707 -0.107812 0.229479 -0.107812
78 0.385313 0.324949 -0.523379 -0.32801 -0.523379 0.106956 0.600988 0.106956
79 0.616496 0.784362 0.392889 0.422277 0.392889 -0.712165 -1.05655 -0.712165
80 0.648188 0.989685 0.100608 0.236306 0.100608 -0.475223 -0.473507 -0.475223
81 0.228067 0.312747 -0.359896 -0.289547 -0.359896 0.792418 1.13532 0.792418
82 0.207789 0.681766 -1.05138 -0.79927 -1.05138 0.398596 0.165796 0.398596
83 0.730645 0.185917 -0.187807 0.228193 -0.187807 0.609699 0.0990751 0.609699
84 0.946987 0.236642 -0.188431 1.10127 -0.188431 1.10262 0.218537 1.10262
85 0.21336 0.648429 0.173613 -0.774338 0.173613 -0.794211 0.179433 -0.794211
86 0.991522 0.0796352 -0.423014 0.88605 -0.423014 1.63896 0.410743 1.63896
87 0.293989 0.457227 0.0637322 -0.546669 0.0637322 -0.0939511 0.338213 -0.0939511
88 0.680415 0.0281819 0.110183 -0.406212 0.110183 -0.0932984 -0.112294 -0.0932984
89 0.1765 0.0250066 -0.416598 -0.986751 -0.416598 0.794071 1.40997 0.794071
90 0.156126 0.497836 -1.20263 -0.829288 -1.20263 0.456673 0.346734 0.456673
91 0.928995 0.296608 -0.0833691 0.966141 -0.0833691 -0.896041 0.262421 -0.896041
92 0.427697 0.934897 -0.362502 -0.29132 -0.362502 0.00451846 -0.394065 0.00451846
93 0.531941 0.658504 0.168804 0.0827921 0.168804 -0.204458 -0.964235 -0.204458
94 0.538752 0.151287 -0.00724195 -0.607336 -0.00724195 0.435948 0.243726 0.435948
95 0.228094 0.332767 0.354411 -0.33242 0.354411 -0.613405 1.03289 -0.613405
96 0.809349 0.969727 -0.0666922 0.696651 -0.0666922 0.144914 -0.653144 0.144914
97 0.634618 0.506046 -0.243903 -0.114375 -0.243903 0.592808 0.296601 0.592808
98 0.224927 0.98414 -0.328225 -0.694772 -0.328225 -0.119742 -0.888842 -0.119742
99 0.427814 0.0424713 -0.275968 -1.11611 -0.275968 -1.33074 0.681521 -1.33074
100 0.639494 0.986988 0.170716 0.209376 0.170716 0.24393 -0.443216 0.24393
101 0.303897 0.142191 -0.288454 -0.525933 -0.288454 0.957024 1.16616 0.957024
102 0.747833 0.366581 0.711023 0.340948 0.711023 -1.42756 0.32791 -1.42756
103 0.346589 0.80347 0.795494 -0.351153 0.795494 0.0196163 -0.544085 0.0196163
104 0.694137 0.178047 0.379116 0.0750756 0.379116 -0.882864 0.108486 -0.882864
105 0.939413 0.287557 0.30084 1.01966 0.30084 -0.758345 0.251849 -0.758345
106 0.651612 0.479299 -0.517545 -0.0566678 -0.517545 1.21637 0.33262 1.21637
107 0.0283246 0.171879 -0.566156 -0.921197 -0.566156 1.01119 1.24155 1.01119
108 0.307246 0.169051 -0.275968 -0.433891 -0.275968 -1.33074 1.16273 -1.33074
109 0.947803 0.0724946 0.20063 0.719802 0.20063 -0.32963 0.305463 -0.32963
110 0.647833 0.00583366 -0.083374 -0.641491 -0.083374 0.441437 -0.0351397 0.441437
111 0.484977 0.496246 -0.519453 -0.561962 -0.519453 -0.401899 0.226888 -0.401899
112 0.535829 0.156927 0.132756 -0.595117 0.132756 1.0807 0.243222 1.0807
113 0.899999 0.802028 -0.228655 0.667967 -0.228655 0.625923 -0.342101 0.625923
114 0.406709 0.343628 -0.299999 -0.36612 -0.299999 0.575918 0.488326 0.575918
115 0.224439 0.654462 -0.555059 -0.75164 -0.555059 0.304697 0.185896 0.304697
116 0.066376 0.124214 -0.757624 -0.947644 -0.757624 1.36655 1.37353 1.36655
117 0.458892 0.957722 0.510652 -0.272419 0.510652 -0.34531 -0.211473 -0.34531
118 0.81123 0.989684 -0.060558 0.709205 -0.060558 1.07443 -0.670763 1.07443
119 0.677288 0.796985 0.339195 0.489707 0.339195 -0.784862 -0.778931 -0.784862
120 0.211062 0.647953 -0.651265 -0.779303 -0.651265 0.960117 0.178217 0.960117
121 0.715964 0.171178 -0.327156 0.137738 -0.327156 0.854218 0.0775602 0.854218
122 0.988008 0.991845 -0.0198184 1.059 -0.0198184 0.0851021 0.0175839 0.0851021
123 0.678844 0.0530751 -0.278601 -0.34221 -0.278601 0.716707 -0.0696601 0.716707
124 0.41478 0.327143 -0.051346 -0.346232 -0.051346 0.29263 0.490569 0.29263
125 0.529091 0.650295 -0.379459 0.0495704 -0.379459 0.171824 -0.911828 0.171824
126 0.180034 0.00736641 -0.048676 -1.03355 -0.048676 0.317538 1.40847 0.317538
127 0.969447 0.691607 0.0479966 0.606744 0.0479966 0.115716 -0.134597 0.115716
128 0.0607908 0.339763 -1.49139 -0.774487 -1.49139 0.139333 0.902865 0.139333
129 0.632814 0.34319 -0.0305662 0.00485334 -0.0305662 0.849234 0.256253 0.849234
130 0.939935 0.315462 -0.232358 0.957102 -0.232358 0.973914 0.280453 0.973914
131 0.58751 0.343871 -0.678348 -0.135579 -0.678348 0.977412 0.234147 0.977412
132 0.172889 0.351279 -0.226946 -0.51076 -0.226946 0.425503 0.918185 0.425503
133 0.56845 0.619873 -0.09293 0.0276627 -0.09293 -0.646903 -0.551206 -0.646903
134 0.861826 0.829898 0.540727 0.67234 0.540727 0.155833 -0.398247 0.155833
135 0.788515 0.393592 0.440392 0.417479 0.440392 0.393945 0.349215 0.393945
136 0.109216 0.510546 -0.314873 -0.931841 -0.314873 -0.21477 0.420534 -0.21477
137 0.0131754 0.376185 -1.48113 -0.945999 -1.48113 0.764516 0.826718 0.764516
138 0.146658 0.343643 -0.0975897 -0.562488 -0.0975897 0.0354225 0.936895 0.0354225
139 0.700979 0.505487 0.192881 0.0935682 0.192881 -0.227477 0.355258 -0.227477
140 0.274795 0.510598 -0.0975897 -0.638187 -0.0975897 0.0354225 0.134165 0.0354225
141 0.201255 0.67585 -1.40514 -0.811984 -1.40514 0.739666 0.160439 0.739666
142 0.653324 0.80705 0.281983 0.445413 0.281983 0.00721855 -0.851344 0.00721855
143 0.190077 0.316507 -0.645853 -0.397764 -0.645853 0.411705 1.07922 0.411705
144 0.283126 0.212264 -1.00315 -0.252634 -1.00315 1.86457 1.30215 1.86457
145 0.415767 0.333514 -0.305411 -0.355698 -0.305411 1.12433 0.476375 1.12433
146 0.859258 0.793862 0.0639247 0.640565 0.0639247 0.471337 -0.383602 0.471337
147 0.598727 0.643701 0.166279 0.158044 0.166279 -0.0764082 -0.606359 -0.0764082
148 0.462311 0.492311 0.70888 -0.564804 0.70888 -0.288296 0.221688 -0.288296
149 0.232679 0.321451 -0.00659271 -0.296141 -0.00659271 1.32522 1.09486 1.32522
150 0.966054 0.468862 0.159565 0.650531 0.159565 0.673081 0.444125 0.673081
151 0.231539 0.995018 0.170472 -0.686493 0.170472 0.157603 -0.930269 0.157603
152 0.631545 0.98364 0.345173 0.186323 0.345173 -1.1702 -0.419777 -1.1702
153 0.179408 0.486294 -0.383252 -0.760362 -0.383252 0.837328 0.344629 0.837328
154 0.235528 0.00174036 0.261485 -0.945234 0.261485 -0.497271 1.30272 -0.497271
155 0.151926 0.816783 -0.550154 -0.898886 -0.550154 1.06498 -0.278737 1.06498
156 0.404433 0.318984 -0.469078 -0.329091 -0.469078 1.31205 0.543312 1.31205
157 0.833958 0.984944 -0.0871622 0.75066 -0.0871622 -0.230537 -0.578443 -0.230537
158 0.773946 0.382725 0.0101613 0.393649 0.0101613 -0.238891 0.340641 -0.238891
159 0.569186 0.334766 0.452746 -0.183567 0.452746 -0.282074 0.221695 -0.282074
160 0.208117 0.341223 0.166279 -0.401448 0.166279 -0.0764082 0.978868 -0.0764082
161 0.127011 0.48378 0.0974301 -0.86201 0.0974301 0.016707 0.457993 0.016707
162 0.677948 0.498407 0.21985 0.0109209 0.21985 0.0685321 0.361068 0.0685321
163 0.984103 0.487516 1.82177 0.633257 1.82177 -1.70907 0.46915 -1.70907
164 0.0538682 0.630603 -0.288801 -1.11958 -0.288801 0.827701 0.144567 0.827701
165 0.991085 0.439104 -0.0941802 0.77565 -0.0941802 -0.725697 0.416192 -0.725697
166 0.427911 0.364336 -0.581222 -0.402969 -0.581222 -0.344784 0.391819 -0.344784
167 0.867155 0.831678 0.0283701 0.677773 0.0283701 0.685139 -0.390799 0.685139
168 0.0399233 0.115699 -0.18105 -1.03194 -0.18105 0.553387 1.39296 0.553387
169 0.953269 0.435272 1.40911 0.708601 1.40911 -0.450758 0.405737 -0.450758
170 0.658856 0.00248065 -0.374185 -0.593933 -0.374185 -1.34072 -0.0769578 -1.34072
171 0.971705 0.945975 -0.174079 0.948884 -0.174079 -0.418735 -0.0982186 -0.418735
172 0.0362851 0.169158 -0.616243 -0.907515 -0.616243 1.45399 1.25538 1.45399
173 0.506339 0.173418 -0.128068 -0.635465 -0.128068 -0.679829 0.256191 -0.679829
174 0.0149686 0.362138 -0.305411 -0.922294 -0.305411 1.12433 0.846053 1.12433
175 0.794413 0.990524 0.376346 0.676581 0.376346 -0.931493 -0.737196 -0.931493
176 0.521094 0.212082 -0.305411 -0.413118 -0.305411 1.12433 0.208158 1.12433
177 0.0468593 0.65031 0.202864 -1.14797 0.202864 -0.386111 0.0763887 -0.386111
178 0.247686 0.984476 -1.06198 -0.678573 -1.06198 0.37552 -0.859646 0.37552
179 0.960982 0.952709 0.222998 0.942411 0.222998 -1.04535 -0.126327 -1.04535
180 0.798492 0.962875 0.185907 0.674613 0.185907 -0.218806 -0.68241 -0.218806
181 0.897946 0.787012 -0.585459 0.649969 -0.585459 0.39937 -0.345192 0.39937
182 0.229458 0.0294478 -0.595442 -0.866837 -0.595442 0.586679 1.3306 0.586679
183 0.784446 0.658538 0.166279 0.485518 0.166279 -0.0764082 -0.0906844 -0.0764082
184 0.995238 0.466095 0.0654168 0.710117 0.0654168 0.716187 0.447699 0.716187
185 0.216811 0.990094 -1.19575 -0.697917 -1.19575 -0.740769 -0.926954 -0.740769
186 0.19761 0.335857 -0.99988 -0.41729 -0.99988 0.538872 0.997819 0.538872
187 0.0610693 0.347025 0.130627 -0.78499 0.130627 -0.163326 0.887095 -0.163326
188 0.987402 0.463616 0.0467751 0.702618 0.0467751 0.0733547 0.443147 0.0733547
189 0.22285 0.0309103 0.0830265 -0.875407 0.0830265 0.185001 1.34105 0.185001
190 0.990876 0.46435 -0.0986377 0.706968 -0.0986377 1.23017 0.444742 1.23017
191 0.172718 0.850403 -0.243903 -0.833278 -0.243903 0.592808 -0.379229 0.592808
192 0.446014 0.711138 0.188432 0.0205852 0.188432 -0.346856 -1.1496 -0.346856
193 0.309131 0.450448 0.0125259 -0.531479 0.0125259 0.14576 0.357667 0.14576
194 0.54037 0.661638 -0.808803 0.107976 -0.808803 0.00165557 -0.954498 0.00165557
195 0.630694 0.802612 -0.200972 0.416828 -0.200972 -0.38141 -0.941534 -0.38141
196 0.991784 0.477249 -0.361507 0.673648 -0.361507 1.10744 0.459572 1.10744
197 0.191581 0.312886 -0.789642 -0.386509 -0.789642 0.841041 1.09689 0.841041
198 0.0663211 0.628039 -0.0708282 -1.09052 -0.0708282 0.587986 0.155275 0.587986
199 0.693446 0.51834 -0.359896 0.0946027 -0.359896 0.792418 0.292286 0.792418
200 0.39443 0.662832 0.166279 -0.269353 0.166279 -0.0764082 -0.563145 -0.0764082
201 0.84544 0.513698 -0.104772 0.398923 -0.104772 0.300648 0.39798 0.300648
202 0.493805 0.51238 -0.321745 -0.518217 -0.321745 0.305806 0.129651 0.305806
203 0.274028 0.480289 -0.176262 -0.597984 -0.176262 0.990804 0.235441 0.990804
204 0.847332 0.795737 1.21861 0.636665 1.21861 -1.46197 -0.396847 -1.46197
205 0.0105282 0.154767 -0.288454 -1.00775 -0.288454 0.957024 1.27763 0.957024
206 0.959486 0.118107 -0.132336 0.866789 -0.132336 1.11951 0.303294 1.11951
207 0.406741 0.318209 -0.543514 -0.329218 -0.543514 0.685803 0.536096 0.685803
208 0.479811 0.493327 0.149713 -0.560478 0.149713 0.913398 0.225738 0.913398
209 0.289722 0.221594 -0.230431 -0.226831 -0.230431 1.02962 1.27439 1.02962
210 0.437133 0.981157 0.0974301 -0.36107 0.0974301 0.016707 -0.145959 0.016707
211 0.482107 0.950923 1.06391 -0.21002 1.06391 -0.120801 -0.204555 -0.120801
212 0.441464 0.0144698 0.312385 -1.2606 0.312385 -0.377239 0.653927 -0.377239
213 0.0278515 0.386099 -0.744276 -0.924584 -0.744276 0.0562846 0.809646 0.0562846
214 0.161097 0.806782 0.359812 -0.889641 0.359812 1.17217 -0.21591 1.17217
215 0.765357 0.685684 -0.17085 0.509394 -0.17085 0.442393 -0.185386 0.442393
216 0.883429 0.815189 1.14389 0.672967 1.14389 0.157076 -0.362806 0.157076
217 0.41346 0.973177 -0.323259 -0.387636 -0.323259 -0.393205 -0.264657 -0.393205
218 0.912692 0.271565 -0.17085 0.967198 -0.17085 0.442393 0.24009 0.442393
219 0.633679 0.472184 -0.243903 -0.107512 -0.243903 0.592808 0.316847 0.592808
220 0.0374455 0.346374 -0.519377 -0.843725 -0.519377 0.677668 0.877955 0.677668
221 0.383335 0.616939 -0.305411 -0.38651 -0.305411 1.12433 -0.310076 1.12433
222 0.312145 0.766146 0.292373 -0.460539 0.292373 -0.994524 -0.296256 -0.994524
223 0.493865 0.480095 0.319049 -0.5425 0.319049 0.165685 0.227788 0.165685
224 0.366995 0.644535 -0.299999 -0.379358 -0.299999 0.575918 -0.349993 0.575918
225 0.945755 0.686637 -0.0708282 0.594922 -0.0708282 0.587986 -0.126787 0.587986
226 0.956871 0.935982 0.599435 0.909036 0.599435 1.97502 -0.155382 1.97502
227 0.0545291 0.148944 -0.3038 -0.912574 -0.3038 0.809308 1.31626 0.809308
228 0.438908 0.939818 0.395857 -0.276133 0.395857 -0.6049 -0.354097 -0.6049
229 0.32919 0.467889 -0.114754 -0.561368 -0.114754 0.459283 0.279083 0.459283
230 0.765582 0.34931 0.171691 0.404017 0.171691 -0.62482 0.31781 -0.62482
231 0.128218 0.512298 -0.739094 -0.894839 -0.739094 0.34748 0.378527 0.34748
232 0.679475 0.464386 -0.192596 0.0449688 -0.192596 0.172281 0.344007 0.172281
233 0.361859 0.814295 0.236015 -0.305885 0.236015 -0.120772 -0.617356 -0.120772
234 0.020614 0.365488 0.188432 -0.913023 0.188432 -0.346856 0.842046 -0.346856
235 0.600847 0.612027 -0.0297171 0.0739644 -0.0297171 -0.621651 -0.399218 -0.621651
236 0.205229 0.982627 0.398744 -0.709521 0.398744 -1.02526 -0.908675 -1.02526
237 0.98909 0.677416 0.240943 0.614803 0.240943 -0.541846 -0.0824929 -0.541846
238 0.648504 0.819297 -1.87364 0.424647 -1.87364 -1.6712 -0.841462 -1.6712
239 0.316747 0.817017 -0.0654167 -0.470532 -0.0654167 0.0395744 -0.393065 0.0395744
240 0.245201 0.00187831 -0.698756 -0.926391 -0.698756 0.078965 1.28418 0.078965
241 0.314627 0.79115 0.273775 -0.463921 0.273775 -1.37505 -0.34829 -1.37505
242 0.430357 0.0391066 -0.459662 -1.13498 -0.459662 0.449122 0.674678 0.449122
243 0.79113 0.702727 -0.124399 0.541575 -0.124399 0.443045 -0.231908 0.443045
244 0.213959 0.665459 -0.813279 -0.779186 -0.813279 0.0635093 0.176466 0.0635093
245 0.806965 0.367622 0.371006 0.493854 0.371006 -0.4884 0.33102 -0.4884
246 0.419015 0.66236 0.47644 -0.197743 0.47644 -0.891218 -0.691787 -0.891218
247 0.176971 0.00442652 -0.828764 -1.04837 -0.828764 1.69125 1.41491 1.69125
248 0.969775 0.473666 -0.467591 0.644973 -0.467591 1.31679 0.450215 1.31679
249 0.156162 0.506915 -2.4146 -0.836512 -2.4146 0.850296 0.329355 0.850296
250 0.317328 0.43007 -0.187807 -0.492056 -0.187807 0.609699 0.43218 0.609699
251 0.871692 0.821384 0.462369 0.671571 0.462369 -1.14427 -0.380307 -1.14427
252 0.516462 0.16204 -0.243903 -0.647629 -0.243903 0.592808 0.259139 0.592808
253 0.325484 0.833648 -0.100115 -0.450435 -0.100115 0.163473 -0.448531 0.163473
254 0.611097 0.985388 -0.60341 0.114105 -0.60341 0.902302 -0.331169 0.902302
255 0.231276 0.0141182 -0.268096 -0.913051 -0.268096 0.217313 1.31851 0.217313
256 0.122209 0.501853 -1.15836 -0.901367 -1.15836 0.470608 0.410864 0.470608
257 0.664218 0.80575 0.0486761 0.463138 0.0486761 0.438223 -0.81606 0.438223
258 0.0571401 0.333004 -0.243903 -0.773464 -0.243903 0.592808 0.915168 0.592808
259 0.392071 0.352014 -0.51416 -0.372739 -0.51416 1.04032 0.516378 1.04032
260 0.239564 0.00104057 -0.083374 -0.939861 -0.083374 0.441437 1.29441 0.441437
261 0.822263 0.524076 0.39268 0.375458 0.39268 -0.11297 0.35746 -0.11297
262 0.0331651 0.605395 -0.696728 -1.14808 -0.696728 0.808986 0.23117 0.808986
263 0.326348 0.471107 -0.508623 -0.567857 -0.508623 -0.0148963 0.267961 -0.0148963
264 0.0208492 0.387668 0.97426 -0.943486 0.97426 -1.59134 0.809049 -1.59134
265 0.611132 0.631401 0.522751 0.148371 0.522751 -0.969554 -0.4862 -0.969554
266 0.245839 0.963134 -0.128633 -0.684705 -0.128633 0.771516 -0.761813 0.771516
267 0.585721 0.36646 -0.0655761 -0.162066 -0.0655761 0.13096 0.242202 0.13096
268 0.764119 0.694589 0.011431 0.520638 0.011431 -0.0138382 -0.214781 -0.0138382
269 0.429643 0.339853 -0.243903 -0.370726 -0.243903 0.592808 0.420287 0.592808
270 0.972586 0.475832 -0.0147323 0.644331 -0.0147323 0.604876 0.453262 0.604876
271 0.0671935 0.623331 -0.305411 -1.08568 -0.305411 1.12433 0.169504 1.12433
272 0.987687 0.974039 0.606593 1.02591 0.606593 1.3538 -0.00806467 1.3538
273 0.536734 0.149407 -0.322831 -0.623121 -0.322831 0.523859 0.247378 0.523859
274 0.206742 0.67681 -0.496438 -0.799809 -0.496438 0.193537 0.166169 0.193537
275 0.186201 0.351783 -0.439525 -0.478334 -0.439525 0.559015 0.92079 0.559015
276 0.802726 0.982013 -0.327156 0.689549 -0.327156 0.854218 -0.693411 0.854218
277 0.703475 0.185009 -0.939808 0.127925 -0.939808 0.925295 0.114633 0.925295
278 0.680856 0.539905 0.0754855 0.100476 0.0754855 0.0305999 0.177847 0.0305999
279 0.392125 0.984514 0.205389 -0.442039 0.205389 -0.514162 -0.303898 -0.514162
280 0.484025 0.488217 0.312854 -0.55367 0.312854 0.212448 0.227367 0.212448
281 0.692037 0.204509 0.0662572 0.140633 0.0662572 -0.222001 0.155663 -0.222001
282 0.243343 0.349022 -0.26509 -0.328871 -0.26509 -0.691425 0.955809 -0.691425
283 0.462336 0.0608119 0.0708283 -1.10123 0.0708283 0.167775 0.542094 0.167775
284 0.413196 0.332577 -0.458064 -0.353155 -0.458064 1.05721 0.486802 1.05721
285 0.615071 0.344818 0.52099 -0.0513732 0.52099 -1.25543 0.248204 -1.25543
286 0.0307748 0.634352 0.158391 -1.17307 0.158391 -0.360133 0.125191 -0.360133
287 0.990738 0.468546 -0.048676 0.695376 -0.048676 0.317538 0.449461 0.317538
288 0.256217 0.990175 0.294764 -0.665954 0.294764 0.445258 -0.857399 0.445258
289 0.611313 0.986961 0.108065 0.112491 0.108065 -0.505808 -0.326206 -0.505808
290 0.926267 0.317413 -0.124399 0.911922 -0.124399 0.443045 0.283555 0.443045
291 0.967175 0.145542 -0.214341 0.957752 -0.214341 -0.0978308 0.294771 -0.0978308
292 0.788583 0.666951 0.132336 0.498113 0.132336 -0.363746 -0.116617 -0.363746
293 0.946347 0.113061 0.537928 0.809778 0.537928 2.50654 0.281123 2.50654
294 0.366434 0.794274 0.333783 -0.266391 0.333783 -0.236451 -0.66827 -0.236451
295 0.433526 0.0233395 -0.831848 -1.20731 -0.831848 0.469994 0.67417 0.469994
296 0.517629 0.164148 -0.49222 -0.633974 -0.49222 0.399368 0.255902 0.399368
297 0.124524 0.484701 -0.334174 -0.868702 -0.334174 0.359058 0.45982 0.359058
298 0.971338 0.671427 0.185907 0.604728 0.185907 -0.218806 -0.0693529 -0.218806
299 0.229933 0.964559 0.361507 -0.697923 0.361507 -0.351678 -0.791566 -0.351678
300 0.921002 0.853334 -0.366918 0.745683 -0.366918 1.65585 -0.298478 1.65585
301 0.095187 0.841483 0.00222487 -0.975588 0.00222487 0.43757 -0.500208 0.43757
302 0.655401 0.465182 -0.128136 -0.0322296 -0.128136 -0.0865558 0.328214 -0.0865558
303 0.181757 0.336513 0.0761535 -0.459277 0.0761535 -0.1572 0.984983 -0.1572
304 0.778061 0.657543 -1.55653 0.480265 -1.55653 0.112705 -0.0895864 0.112705
305 0.205303 0.968056 -0.540989 -0.717066 -0.540989 0.557752 -0.843005 0.557752
306 0.755323 0.930223 0.285901 0.598215 0.285901 0.547982 -0.76613 0.547982
307 0.48856 0.47451 0.643556 -0.537967 0.643556 -0.557787 0.227966 -0.557787
308 0.986492 0.673157 0.429325 0.613221 0.429325 -0.236679 -0.0697607 -0.236679
309 0.472789 0.958632 0.00222487 -0.247316 0.00222487 0.43757 -0.170621 0.43757
310 0.587042 0.329572 0.166279 -0.123765 0.166279 -0.0764082 0.228228 -0.0764082
311 0.772573 0.67522 0.189475 0.499412 0.189475 0.111765 -0.148898 0.111765
312 0.993517 0.478775 0.553916 0.672466 0.553916 -0.489263 0.461738 -0.489263
313 0.381669 0.029096 -0.619766 -1.0824 -0.619766 -0.0961584 0.84821 -0.0961584
314 0.760127 0.680255 -0.0628917 0.499587 -0.0628917 -0.0884758 -0.169506 -0.0884758
315 0.295044 0.173155 -0.523687 -0.403853 -0.523687 1.2999 1.22161 1.2999
316 0.140699 0.520175 -0.337695 -0.873779 -0.337695 -0.615813 0.340942 -0.615813
317 0.979462 0.486634 -0.327156 0.627974 -0.327156 0.854218 0.466924 0.854218
318 0.408051 0.644875 0.130844 -0.269159 0.130844 -0.608596 -0.54431 -0.608596
319 0.128001 0.502106 -0.639373 -0.890031 -0.639373 0.103874 0.397613 0.103874
320 0.318188 0.171412 0.487467 -0.439166 0.487467 -0.0983212 1.11265 -0.0983212
321 0.392506 0.653787 -0.317952 -0.292994 -0.317952 -0.359697 -0.51174 -0.359697
322 0.207092 0.689364 -0.783818 -0.803721 -0.783818 0.373118 0.162478 0.373118
323 0.974741 0.949529 0.387053 0.959919 0.387053 -1.55933 -0.0842045 -1.55933
324 0.356527 0.628529 -0.467282 -0.429794 -0.467282 -0.578348 -0.248456 -0.578348
325 0.198485 0.672919 0.10927 -0.81717 0.10927 -0.28027 0.158818 -0.28027
326 0.252196 0.659868 -0.0592825 -0.689426 -0.0592825 0.969092 0.194836 0.969092
327 0.661782 0.794994 -0.0718234 0.469773 -0.0718234 -0.514935 -0.841649 -0.514935
328 0.948578 0.631518 -0.0856324 0.58128 -0.0856324 -1.46151 0.0509203 -1.46151
329 0.682344 0.0355646 0.0609176 -0.375389 0.0609176 -0.271364 -0.106624 -0.271364
330 0.200984 0.35413 -0.932614 -0.446045 -0.932614 0.910954 0.915103 0.910954
331 0.984597 0.661756 2.08837 0.611448 2.08837 -0.489177 -0.0339488 -0.489177
332 0.821498 0.526065 -0.614956 0.376376 -0.614956 0.521197 0.350787 0.521197
333 0.666854 0.506984 -0.17085 -0.010822 -0.17085 0.442393 0.319296 0.442393
334 0.219745 0.344547 -0.176262 -0.378859 -0.176262 0.990804 0.968592 0.990804
335 0.940242 0.289002 -0.237399 1.019 -0.237399 1.13811 0.253217 1.13811
336 0.42023 0.695459 -0.360891 -0.113759 -0.360891 -0.310503 -0.881245 -0.310503
337 0.455266 0.512416 -0.36999 -0.53919 -0.36999 -0.164109 0.130081 -0.164109
338 0.70785 0.499347 -0.243903 0.105928 -0.243903 0.592808 0.383216 0.592808
339 0.182486 0.356569 -0.346258 -0.497139 -0.346258 1.14055 0.898805 1.14055
340 0.528937 0.205245 -0.496438 -0.41588 -0.496438 0.193537 0.211846 0.193537
341 0.00472144 0.366314 -0.114754 -0.953228 -0.114754 0.459283 0.839259 0.459283
342 0.410126 0.93383 -0.0067958 -0.32865 -0.0067958 -0.0715857 -0.420575 -0.0715857
343 0.414356 0.35621 0.798275 -0.387143 0.798275 0.379572 0.442451 0.379572
344 0.210642 0.340406 -0.0637749 -0.393314 -0.0637749 1.52639 0.984158 1.52639
345 0.426346 0.997166 -0.0900487 -0.408727 -0.0900487 0.189824 -0.113422 0.189824
346 0.546933 0.16509 -0.378927 -0.518743 -0.378927 0.506968 0.226882 0.506968
347 0.240722 0.966351 -0.455106 -0.688266 -0.455106 0.18347 -0.784309 0.18347
348 0.496744 0.944028 -0.332563 -0.161895 -0.332563 0.145541 -0.230184 0.145541
349 0.435759 0.0140909 -0.278601 -1.25072 -0.278601 0.716707 0.67304 0.716707
350 0.0081446 0.376182 -0.443696 -0.958177 -0.443696 0.350186 0.827098 0.350186
351 0.614105 0.84652 -0.734281 0.32807 -0.734281 -2.75631 -0.843279 -2.75631
352 0.165939 0.508492 -0.996906 -0.817778 -0.996906 1.1476 0.306963 1.1476
353 0.355353 0.799851 0.185907 -0.31469 0.185907 -0.218806 -0.596208 -0.218806
354 0.307267 0.154643 -1.37839 -0.485805 -1.37839 -0.123967 1.15654 -0.123967
355 0.296117 0.47425 0.226787 -0.580369 0.226787 -0.373373 0.261473 -0.373373
356 0.602645 0.604732 0.12117 0.0577114 0.12117 -0.653335 -0.348161 -0.653335
357 0.576251 0.624112 0.110183 0.0568132 0.110183 -0.0932984 -0.555313 -0.0932984
358 0.197089 0.655267 -0.269579 -0.813418 -0.269579 -1.59627 0.166458 -1.59627
359 0.832092 0.0316418 0.714831 0.23128 0.714831 0.557453 -0.0499982 0.557453
360 0.480951 0.984951 1.77423 -0.296316 1.77423 0.88304 0.0448327 0.88304
361 0.50735 0.158858 0.189475 -0.696622 0.189475 0.111765 0.271929 0.111765
362 0.511926 0.20459 -0.858546 -0.477032 -0.858546 1.60155 0.218273 1.60155
363 0.0211005 0.617477 -1.77948 -1.18263 -1.77948 1.51792 0.187361 1.51792
364 0.225386 0.35725 -0.124399 -0.39168 -0.124399 0.443045 0.906884 0.443045
365 0.293708 0.495161 -0.321745 -0.622908 -0.321745 0.305806 0.167944 0.305806
366 0.420945 0.336594 -0.115595 -0.362395 -0.115595 1.39747 0.453858 1.39747
367 0.584883 0.792333 0.0361352 0.367837 0.0361352 -1.0458 -1.15625 -1.0458
368 0.41253 0.332342 0.1753 -0.352504 0.1753 0.432748 0.489505 0.432748
369 0.144106 0.489061 -1.01452 -0.836964 -1.01452 0.900048 0.405245 0.900048
370 0.198303 0.670319 -0.560471 -0.816569 -0.560471 0.853108 0.159908 0.853108
371 0.622922 0.801475 -0.0856324 0.406975 -0.0856324 -1.46151 -0.97321 -1.46151
372 0.0448395 0.158306 -0.299676 -0.91299 -0.299676 1.19369 1.28878 1.19369
373 0.514947 0.16677 -0.159097 -0.632658 -0.159097 0.566944 0.255835 0.566944
374 0.0671238 0.134241 0.15504 -0.919706 0.15504 0.19632 1.3528 0.19632
375 0.195975 0.680727 0.244527 -0.825973 0.244527 -0.329966 0.152001 -0.329966
376 0.898692 0.300228 0.598237 0.863801 0.598237 0.189454 0.269561 0.189454
377 0.821556 0.0312069 0.102654 0.194514 0.102654 0.0426038 -0.0849814 0.0426038
378 0.0577597 0.131128 -0.327156 -0.950384 -0.327156 0.854218 1.35748 0.854218
379 0.57528 0.355662 1.02074 -0.18436 1.02074 0.427776 0.232579 0.427776
380 0.908052 0.795833 0.513242 0.664562 0.513242 -1.01878 -0.33431 -1.01878
381 0.815945 0.998779 -0.824287 0.722937 -0.824287 -1.13682 -0.662954 -1.13682
382 0.617774 0.787827 0.0479966 0.418958 0.0479966 0.115716 -1.03902 0.115716
383 0.972319 0.646458 -0.243903 0.601891 -0.243903 0.592808 0.0108929 0.592808
384 0.978589 0.629772 -0.230747 0.604603 -0.230747 0.658892 0.0663507 0.658892
385 0.411091 0.330761 -0.0192975 -0.349556 -0.0192975 0.0869837 0.497288 0.0869837
386 0.194502 0.320638 -1.55315 -0.39446 -1.55315 1.32593 1.0648 1.32593
387 0.0179663 0.383411 0.924672 -0.944435 0.924672 -0.0344432 0.815967 -0.0344432
388 0.178928 0.359248 -0.945908 -0.51128 -0.945908 0.546174 0.886443 0.546174
389 0.426116 0.321009 -0.308931 -0.343605 -0.308931 0.149459 0.458909 0.149459
390 0.467623 0.984948 -0.651265 -0.318267 -0.651265 0.960117 -0.00733423 0.960117
391 0.330786 0.800582 0.230312 -0.408131 0.230312 -0.73598 -0.453985 -0.73598
392 0.634804 0.328082 0.557767 0.0244553 0.557767 -0.999848 0.250164 -0.999848
393 0.630746 0.952994 -1.94074 0.223097 -1.94074 -0.0249907 -0.505406 -0.0249907
394 0.603447 0.356387 1.11487 -0.097841 1.11487 0.439141 0.247315 0.439141
395 0.483496 0.506071 -0.187382 -0.545579 -0.187382 -0.318719 0.178826 -0.318719
396 0.654561 0.513617 -0.0975897 -0.0342612 -0.0975897 0.0354225 0.274138 0.0354225
397 0.311669 0.48784 -0.436124 -0.603018 -0.436124 0.416258 0.203342 0.416258
398 0.975819 0.0822805 -0.0567575 0.838576 -0.0567575 0.841041 0.368991 0.841041
399 0.63728 0.000893496 -0.554813 -0.713037 -0.554813 0.145481 -0.00330372 0.145481
400 0.684849 0.498904 -0.0652965 0.0326028 -0.0652965 0.00811551 0.366323 0.00811551
401 0.157693 0.823622 0.32405 -0.881827 0.32405 -1.19735 -0.295313 -1.19735
402 0.213254 0.992014 -0.731645 -0.699393 -0.731645 1.2228 -0.940371 1.2228
403 0.133777 0.496542 -0.845738 -0.871291 -0.845738 0.824151 0.400501 0.824151
404 0.801422 0.99219 -0.185906 0.690977 -0.185906 0.974567 -0.712209 0.974567
405 0.984704 0.674183 -0.0788007 0.612314 -0.0788007 0.488573 -0.0736475 0.488573
406 0.975159 0.690935 -0.437673 0.60917 -0.437673 -0.257575 -0.130483 -0.257575
407 0.342148 0.784237 0.0486761 -0.351098 0.0486761 0.438223 -0.521371 0.438223
408 0.716762 0.188586 -0.3038 0.184984 -0.3038 0.809308 0.113527 0.809308
409 0.446162 0.513772 0.418553 -0.540319 0.418553 0.280687 0.121516 0.280687
410 0.797568 0.98998 0.153954 0.682581 0.153954 -0.200836 -0.724151 -0.200836
411 0.434446 0.982206 -0.048676 -0.36764 -0.048676 0.317538 -0.150736 0.317538
412 0.149162 0.471711 -0.0423482 -0.794483 -0.0423482 1.40045 0.459687 1.40045
413 0.701547 0.177963 0.203155 0.102072 0.203155 -0.45768 0.102712 -0.45768
414 0.0309939 0.582651 -0.267056 -1.13721 -0.267056 1.09781 0.315276 1.09781
415 0.604601 0.963663 -0.483695 0.125944 -0.483695 1.04367 -0.391494 1.04367
416 0.421517 0.32571 -0.55871 -0.347641 -0.55871 1.13899 0.468726 1.13899
417 0.337811 0.171745 0.0592399 -0.462628 0.0592399 0.463343 1.02111 0.463343
418 0.590652 0.625993 0.454483 0.0919351 0.454483 -1.97315 -0.520697 -1.97315
419 0.137594 0.505521 -0.328774 -0.872738 -0.328774 0.291919 0.370856 0.291919
420 0.436085 0.953826 -0.278601 -0.309561 -0.278601 0.716707 -0.287765 0.716707
421 0.924782 0.292955 0.733985 0.960881 0.733985 1.17573 0.259299 1.17573
422 0.755077 0.932072 0.468621 0.597893 0.468621 0.559397 -0.770648 0.559397
423 0.635346 0.799242 -0.0122073 0.427836 -0.0122073 0.476826 -0.933891 0.476826
424 0.623935 0.995676 0.159373 0.144033 0.159373 -0.926335 -0.350884 -0.926335
425 0.99382 0.671646 0.0101613 0.617192 0.0101613 -0.238891 -0.0624507 -0.238891
426 0.410351 0.345267 0.533497 -0.370007 0.533497 -1.14191 0.473757 -1.14191
427 0.637798 0.829572 0.378464 0.394547 0.378464 -0.518984 -0.845785 -0.518984
428 0.979442 0.488083 -0.265649 0.624154 -0.265649 0.322697 0.468525 0.322697
429 0.758827 0.913613 -0.299999 0.602559 -0.299999 0.575918 -0.722549 0.575918
430 0.0353506 0.291913 -0.361507 -0.769963 -0.361507 1.10744 0.971933 1.10744
431 0.353115 0.643051 -0.187807 -0.418364 -0.187807 0.609699 -0.280204 0.609699
432 0.865504 0.815956 0.297651 0.662745 0.297651 0.0248965 -0.386707 0.0248965
433 0.858052 0.810119 1.41545 0.653379 1.41545 -0.807897 -0.393478 -0.807897
434 0.0347933 0.621882 -0.340847 -1.15574 -0.340847 0.592142 0.171379 0.592142
435 0.813271 0.0175993 0.130213 0.13548 0.130213 -1.51385 -0.133986 -1.51385
436 0.320962 0.145297 -0.299999 -0.538421 -0.299999 0.575918 1.09178 0.575918
437 0.207551 0.679653 -0.345238 -0.799025 -0.345238 -0.345817 0.166176 -0.345817
438 0.987882 0.676936 -0.0808441 0.614153 -0.0808441 -1.02409 -0.0813711 -1.02409
439 0.0264474 0.365748 0.197452 -0.899043 0.197452 0.1623 0.842289 0.1623
440 0.708587 0.166077 0.128527 0.0968259 0.128527 -0.370835 0.0738426 -0.370835
441 0.956355 0.965857 -0.715538 0.955467 -0.715538 0.105531 -0.129788 0.105531
442 0.206173 0.681132 -0.594414 -0.80274 -0.594414 0.565771 0.16405 0.565771
443 0.61257 0.973827 0.652205 0.136293 0.652205 1.62233 -0.379548 1.62233
444 0.986423 0.666033 0.188432 0.612795 0.188432 -0.346856 -0.047009 -0.346856
445 0.631819 0.485368 0.631578 -0.125211 0.631578 0.818863 0.321688 0.818863
446 0.178112 0.363476 0.199977 -0.521614 0.199977 0.0342498 0.868325 0.0342498
447 0.634112 0.0102432 0.484631 -0.698962 0.484631 0.138942 0.0155059 0.138942
448 0.462734 0.99095 -0.499181 -0.339867 -0.499181 0.273946 0.0122161 0.273946
449 0.894292 0.806285 0.0275546 0.669766 0.0275546 -0.324807 -0.348509 -0.324807
450 0.253013 0.983195 0.537283 -0.672165 0.537283 -0.767548 -0.838964 -0.767548
451 0.464055 0.954326 -0.0067958 -0.254576 -0.0067958 -0.0715857 -0.220774 -0.0715857
452 0.649035 0.0106862 -0.404724 -0.619834 -0.404724 1.13442 -0.0341331 1.13442
453 0.278547 0.145851 0.632303 -0.477783 0.632303 0.400591 1.28051 0.400591
454 0.971355 0.677877 0.853723 0.605646 0.853723 -0.499882 -0.0899928 -0.499882
455 0.148334 0.513423 0.965991 -0.855189 0.965991 -0.0984087 0.33649 -0.0984087
456 0.584724 0.593882 0.577477 -0.0142422 0.577477 -0.416043 -0.327515 -0.416043
457 0.429071 0.978201 -0.535577 -0.369183 -0.535577 0.00934102 -0.189724 0.00934102
458 0.965281 0.666832 -0.901958 0.600563 -0.901958 -0.140546 -0.0566878 -0.140546
459 0.00268017 0.398059 -0.0628917 -1.0006 -0.0628917 -0.0884758 0.801895 -0.0884758
460 0.608447 0.981894 1.36066 0.110371 1.36066 -1.71413 -0.333742 -1.71413
461 0.00844288 0.177993 -0.074884 -0.957729 -0.074884 0.473319 1.20597 0.473319
462 0.816093 0.969274 0.169166 0.70858 0.169166 -0.496769 -0.628452 -0.496769
463 0.348815 0.815421 -2.0461 -0.354104 -2.0461 -0.68169 -0.551019 -0.68169
464 0.769903 0.345965 -0.0652545 0.419006 -0.0652545 -0.00593628 0.315476 -0.00593628
465 0.0668692 0.161199 -0.0654167 -0.85003 -0.0654167 0.0395744 1.29674 0.0395744
466 0.570526 0.336965 -0.0067958 -0.181507 -0.0067958 -0.0715857 0.223162 -0.0715857
467 0.805547 0.712711 0.344766 0.557873 0.344766 -0.629642 -0.259298 -0.629642
468 0.656801 0.00593001 -1.06731 -0.594119 -1.06731 0.685604 -0.0657518 0.685604
469 0.277295 0.00830917 0.141356 -0.951597 0.141356 0.14541 1.19213 0.14541
470 0.418173 0.336777 0.246547 -0.361386 0.246547 -0.524969 0.462856 -0.524969
471 0.619365 0.480271 -0.288454 -0.160386 -0.288454 0.957024 0.310658 0.957024
472 0.198012 0.693521 -0.348497 -0.826307 -0.348497 0.841683 0.148064 0.841683
473 0.603613 0.982615 0.0465578 0.0928714 0.0465578 0.0257137 -0.311779 0.0257137
474 0.323782 0.493097 -0.048676 -0.609302 -0.048676 0.317538 0.185065 0.317538
475 0.384215 0.799994 0.636026 -0.205735 0.636026 -0.421885 -0.76338 -0.421885
476 0.216297 0.647544 0.230312 -0.767451 0.230312 -0.73598 0.181272 -0.73598
477 0.864851 0.82475 0.480831 0.670026 0.480831 0.372332 -0.391384 0.372332
478 0.365768 0.619034 -0.535577 -0.422305 -0.535577 0.00934102 -0.252365 0.00934102
479 0.48444 0.50419 -0.516203 -0.551665 -0.516203 -0.234305 0.193693 -0.234305
480 0.658989 0.776624 0.36254 0.484027 0.36254 -0.724578 -0.884028 -0.724578
481 0.28818 0.488304 -0.503752 -0.610742 -0.503752 -0.11583 0.19792 -0.11583
482 0.584378 0.620392 -0.176792 0.0626768 -0.176792 0.0781639 -0.504209 0.0781639
483 0.514531 0.16492 -0.239568 -0.642354 -0.239568 -1.3981 0.258123 -1.3981
484 0.901928 0.824635 0.171691 0.69517 0.171691 -0.62482 -0.33743 -0.62482
485 0.0288969 0.131686 -0.423477 -1.01854 -0.423477 0.871184 1.35051 0.871184
486 0.595443 0.600002 0.481635 0.0281795 0.481635 -0.99436 -0.338447 -0.99436
487 0.608342 0.959022 -0.0704215 0.144972 -0.0704215 0.0474264 -0.421198 0.0474264
488 0.276211 0.477879 0.0243771 -0.592387 0.0243771 0.167123 0.247166 0.167123
489 0.0518171 0.146433 -0.672663 -0.925695 -0.672663 0.819328 1.32079 0.819328
490 0.0405242 0.615626 -0.187807 -1.13901 -0.187807 0.609699 0.19367 0.609699
491 0.233265 0.670169 0.611 -0.736978 0.611 -1.57315 0.194747 -1.57315
492 0.903828 0.292193 1.27858 0.895994 1.27858 -0.640787 0.261306 -0.640787
493 0.580333 0.602497 0.145528 0.0010546 0.145528 -1.2743 -0.396931 -1.2743
494 0.593764 0.626806 0.0250296 0.100618 0.0250296 -0.196757 -0.515691 -0.196757
495 0.595559 0.983642 0.110183 0.0638377 0.110183 -0.0932984 -0.275293 -0.0932984
496 0.484412 0.180145 0.199977 -0.609597 0.199977 0.0342498 0.326972 0.0342498
497 0.407115 0.349319 0.772704 -0.374547 0.772704 -0.691313 0.47636 -0.691313
498 0.062577 0.118225 -0.55859 -0.972205 -0.55859 0.930857 1.3861 0.930857
499 0.232463 0.0260339 0.331349 -0.871919 0.331349 0.135555 1.32401 0.135555
500 0.916403 0.328664 0.124399 0.858748 0.124399 0.312716 0.295365 0.312716
501 0.308181 0.482012 0.347291 -0.592732 0.347291 -0.757692 0.227093 -0.757692
502 0.277245 0.14818 -0.288454 -0.467933 -0.288454 0.957024 1.28789 0.957024
503 0.183241 0.340519 -0.949468 -0.463418 -0.949468 0.277995 0.968548 0.277995
504 0.979882 0.46727 0.786873 0.67934 0.786873 1.10923 0.445548 1.10923
505 0.974734 0.463472 1.20111 0.679886 1.20111 0.0450212 0.440203 0.0450212
506 0.172339 0.359834 0.00474986 -0.528777 0.00474986 0.30952 0.882554 0.30952
507 0.424104 0.0327666 -0.589757 -1.14953 -0.589757 0.428595 0.700435 0.428595
508 0.980997 0.476958 -0.0654167 0.655902 -0.0654167 0.0395744 0.456574 0.0395744
509 0.61226 0.81273 -0.0654167 0.374717 -0.0654167 0.0395744 -0.970758 0.0395744
510 0.595509 0.657188 -0.789304 0.190148 -0.789304 0.634993 -0.704483 0.634993
511 0.477817 0.450379 -0.106264 -0.51376 -0.106264 0.0557985 0.235626 0.0557985
512 0.785034 0.675068 0.297881 0.505864 0.297881 -0.232666 -0.144178 -0.232666
513 0.243369 0.954783 -0.622252 -0.688872 -0.622252 0.994302 -0.726253 0.994302
514 0.152152 0.357228 0.3455 -0.57397 0.3455 0.431103 0.888155 0.431103
515 0.961243 0.442605 0.280726 0.706812 0.280726 0.0538588 0.414883 0.0538588
516 0.433797 0.024167 -0.716589 -1.20437 -0.716589 0.690625 0.672693 0.690625
517 0.725377 0.194827 -0.396205 0.231175 -0.396205 1.23134 0.122377 1.23134
518 0.77526 0.672491 0.202864 0.497391 0.202864 -0.386111 -0.139115 -0.386111
519 0.0496348 0.34596 -0.540989 -0.812279 -0.540989 0.557752 0.884233 0.557752
520 0.781325 0.687839 -1.62799 0.51959 -1.62799 -0.625401 -0.186929 -0.625401
521 0.671978 0.499449 -0.301342 -0.00910458 -0.301342 -0.656326 0.357298 -0.656326
522 0.748025 0.668974 0.406448 0.475326 0.406448 0.106607 -0.14444 0.106607
523 0.41534 0.326737 0.0608458 -0.345942 0.0608458 0.32641 0.489252 0.32641
524 0.595273 0.631336 0.627644 0.116523 0.627644 -0.573479 -0.539729 -0.573479
525 0.806629 0.38388 -0.226176 0.47266 -0.226176 1.04867 0.343271 1.04867
526 0.959548 0.473354 -0.144661 0.627901 -0.144661 0.598721 0.447421 0.598721
527 0.217113 0.998553 0.310508 -0.694032 0.310508 -1.24865 -0.965114 -1.24865
528 0.416187 0.666048 0.00624865 -0.197372 0.00624865 -1.12066 -0.696598 -1.12066
529 0.384414 0.337815 -0.837887 -0.347648 -0.837887 0.371125 0.573378 0.371125
530 0.660067 0.816546 0.00134708 0.446374 0.00134708 -0.604393 -0.812493 -0.604393
531 0.258933 0.00665114 -0.760263 -0.919698 -0.760263 0.610486 1.25042 0.610486
532 0.296759 0.169281 -0.226946 -0.419752 -0.226946 0.425503 1.21159 0.425503
533 0.21214 0.663371 -0.0067958 -0.782542 -0.0067958 -0.0715857 0.1753 -0.0715857
534 0.93881 0.292371 0.0966263 1.00669 0.0966263 0.601907 0.25687 0.601907
535 0.661186 0.780162 0.563916 0.483235 0.563916 -0.892174 -0.867982 -0.892174
536 0.299515 0.229153 -0.614042 -0.209866 -0.614042 0.708168 1.22811 0.708168
537 0.369828 0.645804 -0.455004 -0.369749 -0.455004 0.311947 -0.368037 0.311947
538 0.542392 0.169225 -0.789642 -0.51885 -0.789642 0.841041 0.228772 0.841041
539 0.838235 0.547807 -0.348902 0.41924 -0.348902 0.584106 0.285501 0.584106
540 0.222428 0.322832 -0.325545 -0.325917 -0.325545 0.539196 1.07887 0.539196
541 0.794811 0.987369 0.206041 0.676313 0.206041 -0.878041 -0.731038 -0.878041
542 0.301806 0.467279 -0.043072 -0.565383 -0.043072 0.334415 0.290496 0.334415
543 0.285666 0.150597 -0.422298 -0.471019 -0.422298 0.490975 1.25176 0.490975
544 0.330696 0.155266 -0.0683032 -0.514875 -0.0683032 0.459936 1.05073 0.459936
545 0.249669 0.680325 -0.476146 -0.702717 -0.476146 0.693471 0.21598 0.693471
546 0.622964 0.984455 -0.048676 0.155999 -0.048676 0.317538 -0.382698 0.317538
547 0.614963 0.983471 -0.0093208 0.130131 -0.0093208 0.0564645 -0.353805 0.0564645
548 0.996621 0.46309 -0.305411 0.720875 -0.305411 1.12433 0.444573 1.12433
549 0.674801 0.0355715 -1.01606 -0.41291 -1.01606 0.973434 -0.0842457 0.973434
550 0.920157 0.815918 -0.126924 0.696241 -0.126924 0.571096 -0.314226 0.571096
551 0.308729 0.15582 0.52099 -0.483519 0.52099 -1.25543 1.15041 -1.25543
552 0.451242 0.936653 0.52099 -0.242668 0.52099 -1.25543 -0.353549 -1.25543
553 0.624021 0.796297 0.183237 0.415621 0.183237 -0.243714 -0.985675 -0.243714
554 0.247979 0.975906 -0.990202 -0.680171 -0.990202 0.255316 -0.818872 0.255316
555 0.573177 0.66672 -0.0885911 0.179785 -0.0885911 -0.159431 -0.857555 -0.159431
556 0.608743 0.323309 0.0512011 -0.0513177 0.0512011 0.310173 0.23582 0.310173
557 0.120178 0.49843 -0.733573 -0.901649 -0.733573 -0.298581 0.424083 -0.298581
558 0.41907 0.32629 0.473915 -0.347201 0.473915 -0.763168 0.476616 -0.763168
559 0.590005 0.335526 -0.420306 -0.120159 -0.420306 0.188048 0.232026 0.188048
560 0.446295 0.00283359 -0.048676 -1.31998 -0.048676 0.317538 0.647108 0.317538
561 0.715238 0.16474 0.505404 0.118566 0.505404 -0.436197 0.0647837 -0.436197
562 0.500545 0.18694 -0.17085 -0.595865 -0.17085 0.442393 0.244177 0.442393
563 0.0361863 0.314175 -1.25527 -0.80007 -1.25527 1.62366 0.93398 1.62366
564 0.467959 0.05556 -0.191825 -1.13426 -0.191825 0.795447 0.526366 0.795447
565 0.80396 0.673721 0.227787 0.514478 0.227787 -0.60793 -0.133393 -0.60793
566 0.202089 0.332052 -0.338498 -0.397988 -0.338498 0.933206 1.01839 0.933206
567 0.594349 0.803186 -0.26853 0.36249 -0.26853 -0.51403 -1.06995 -0.51403
568 0.960526 0.13255 -0.701796 0.904276 -0.701796 -0.349368 0.294675 -0.349368
569 0.785998 0.661912 -0.404003 0.490552 -0.404003 -0.360565 -0.101123 -0.360565
570 0.425175 0.0326259 0.358837 -1.15217 0.358837 -0.376587 0.696814 -0.376587
571 0.178991 0.833189 -0.0067958 -0.834997 -0.0067958 -0.0715857 -0.291366 -0.0715857
572 0.766526 0.664823 -0.226946 0.482524 -0.226946 0.425503 -0.117129 0.425503
573 0.758122 0.148347 1.29839 0.241869 1.29839 -0.862947 -0.000320064 -0.862947
574 0.631259 0.956752 0.782473 0.219853 0.782473 0.955449 -0.495991 0.955449
575 0.947872 0.264863 0.496067 1.1005 0.496067 -1.03362 0.226959 -1.03362
576 0.666328 0.00425713 -0.232358 -0.549145 -0.232358 0.973914 -0.100594 0.973914
577 0.619527 0.995393 0.0130239 0.12886 0.0130239 0.351305 -0.331904 0.351305
578 0.416956 0.339806 -0.17085 -0.365079 -0.17085 0.442393 0.461938 0.442393
579 0.3976 0.0163701 -0.164509 -1.16468 -0.164509 1.11536 0.798164 1.11536
580 0.989144 0.641291 0.100093 0.613422 0.100093 -0.60522 0.0329899 -0.60522
581 0.8545 0.542377 -0.0813948 0.435376 -0.0813948 0.00795252 0.308034 0.00795252
582 0.681955 0.0181086 0.447367 -0.427268 0.447367 0.471779 -0.132815 0.471779
583 0.976811 0.676295 -0.169559 0.608295 -0.169559 -0.721824 -0.0830773 -0.721824
584 0.24378 0.64375 -0.246236 -0.704845 -0.246236 1.28615 0.195356 1.28615
585 0.765908 0.931936 -0.0521962 0.614245 -0.0521962 -0.657333 -0.737562 -0.657333
586 0.0346366 0.66012 -0.0440188 -1.182 -0.0440188 0.180363 0.0334792 0.180363
587 0.698386 0.159207 -0.0285413 0.0396137 -0.0285413 -0.341697 0.0709583 -0.341697
588 0.964646 0.967538 -0.281856 0.972924 -0.281856 -0.484291 -0.098811 -0.484291
589 0.841421 0.534433 0.104772 0.411422 0.104772 0.455113 0.329729 0.455113
590 0.21909 0.968579 -0.670138 -0.705461 -0.670138 0.691278 -0.825647 0.691278
591 0.714432 0.192252 -0.114754 0.18605 -0.114754 0.459283 0.122499 0.459283
592 0.993196 0.10438 0.582607 0.950295 0.582607 -0.233291 0.383926 -0.233291
593 0.62823 0.342074 -0.421613 -0.00829249 -0.421613 0.17062 0.253477 0.17062
594 0.838745 0.967216 -0.299999 0.747942 -0.299999 0.575918 -0.545735 0.575918
595 0.690081 0.216594 -0.503835 0.167598 -0.503835 0.422521 0.176796 0.422521
596 0.995566 0.486174 -0.310199 0.655676 -0.310199 0.686912 0.470701 0.686912
597 0.587405 0.328811 0.253548 -0.121942 0.253548 0.17919 0.228097 0.17919
598 0.691548 0.207999 -0.284751 0.14863 -0.284751 0.609033 0.161818 0.609033
599 0.655384 0.782494 0.699477 0.473716 0.699477 -1.80867 -0.890032 -1.80867
600 0.222671 0.347921 0.401595 -0.378609 0.401595 0.447993 0.953051 0.447993
601 0.633213 0.0277148 0.660271 -0.645867 0.660271 -0.335593 0.0326998 -0.335593
602 0.255837 0.00149478 -0.555059 -0.93065 -0.555059 0.304697 1.25595 0.304697
603 0.989438 0.699444 -0.365307 0.615806 -0.365307 1.34083 -0.152782 1.34083
604 0.589967 0.624993 0.261362 0.0876524 0.261362 -1.27874 -0.516433 -1.27874
605 0.683691 0.488138 -0.453679 0.0380846 -0.453679 0.508821 0.359671 0.508821
606 0.81234 0.990154 0.569773 0.711596 0.569773 -1.54791 -0.667028 -1.54791
607 0.610234 0.977083 -1.91763 0.123677 -1.91763 -0.641598 -0.358886 -0.641598
608 0.996979 0.939585 -1.37573 0.977686 -1.37573 0.374161 -0.0260731 0.374161
609 0.851076 0.82028 0.334526 0.657206 0.334526 -0.356375 -0.408594 -0.356375
610 0.2887 0.170143 0.297651 -0.406494 0.297651 0.0248965 1.24956 0.0248965
611 0.0749717 0.130843 -0.166279 -0.909675 -0.166279 0.832169 1.36129 0.832169
612 0.158659 0.495943 -0.167034 -0.820674 -0.167034 1.24341 0.348535 1.24341
613 0.244382 0.981829 -0.367071 -0.681533 -0.367071 0.263581 -0.851684 0.263581
614 0.630042 0.994388 -0.0122073 0.167273 -0.0122073 0.476826 -0.382264 0.476826
615 0.410297 0.310543 0.102654 -0.320162 0.102654 0.0426038 0.536477 0.0426038
616 0.831548 0.0101921 0.373893 0.180505 0.373893 -0.908761 -0.0801283 -0.908761
617 0.567641 0.327997 0.244527 -0.181947 0.244527 -0.329966 0.218453 -0.329966
618 0.59073 0.625902 -0.795884 0.0918339 -0.795884 0.131313 -0.519846 0.131313
619 0.638409 0.803877 0.283259 0.426631 0.283259 -0.098121 -0.910476 -0.098121
620 0.411568 0.0231361 0.244527 -1.16491 0.244527 -0.329966 0.748507 -0.329966
621 0.994873 0.478011 0.102654 0.676863 0.102654 0.0426038 0.461207 0.0426038
622 0.547878 0.156801 -0.0628917 -0.549041 -0.0628917 -0.0884758 0.230209 -0.0884758
623 0.0158608 0.371942 0.136993 -0.933634 0.136993 -0.500921 0.832464 -0.500921
624 0.210739 0.637305 -0.311817 -0.776098 -0.311817 0.56982 0.180757 0.56982
625 0.378566 0.628624 0.188432 -0.376535 0.188432 -0.346856 -0.339746 -0.346856
626 0.148512 0.00889817 -0.611155 -1.08967 -0.611155 0.287807 1.46523 0.287807
627 0.0609495 0.630027 -0.305411 -1.1036 -0.305411 1.12433 0.148066 1.12433
628 0.823852 0.991465 0.0608458 0.734891 0.0608458 0.32641 -0.623671 0.32641
629 0.217331 0.964767 0.0253075 -0.708561 0.0253075 -0.954082 -0.810783 -0.954082
630 0.924454 0.293712 -0.278601 0.958189 -0.278601 0.716707 0.260096 0.716707
631 0.954968 0.237036 0.129318 1.13014 0.129318 -0.517978 0.218237 -0.517978
632 0.537542 0.113912 -0.694408 -0.76839 -0.694408 0.549216 0.270218 0.549216
633 0.631089 0.0337503 0.110183 -0.636518 0.110183 -0.0932984 0.0439573 -0.0932984
634 0.189644 0.357834 -0.305411 -0.481839 -0.305411 1.12433 0.895107 1.12433
635 0.332058 0.799348 -0.281168 -0.402406 -0.281168 0.0870937 -0.460806 0.0870937
636 0.799589 0.733271 -0.0553563 0.579112 -0.0553563 -0.627299 -0.328079 -0.627299
637 0.408786 0.323519 -0.243903 -0.337994 -0.243903 0.592808 0.518623 0.592808
638 0.762536 0.346556 -0.0067958 0.398202 -0.0067958 -0.0715857 0.316027 -0.0715857
639 0.208851 0.664454 -0.205548 -0.790389 -0.205548 0.566291 0.172138 0.566291
640 0.593532 0.33398 -0.152523 -0.107871 -0.152523 -0.261535 0.233099 -0.261535
641 0.649299 0.797016 0.537947 0.450252 0.537947 -1.42274 -0.886348 -1.42274
642 0.228023 0.645303 -0.0245367 -0.740484 -0.0245367 -0.114993 0.187721 -0.114993
643 0.691236 0.0136039 0.0528759 -0.392098 0.0528759 -0.76784 -0.170552 -0.76784
644 0.155325 0.514831 -0.0265387 -0.841867 -0.0265387 -0.327701 0.320752 -0.327701
645 0.65031 0.0469708 -0.209553 -0.498885 -0.209553 0.339587 0.000646547 0.339587
646 0.273315 0.955276 0.237214 -0.636267 0.237214 -0.639333 -0.663748 -0.639333
647 0.248212 0.985429 -0.249315 -0.678003 -0.249315 1.14122 -0.863425 1.14122
648 0.814924 0.97121 0.366918 0.707421 0.366918 -0.90009 -0.634893 -0.90009
649 0.0454313 0.609066 -0.476097 -1.12399 -0.476097 -0.180777 0.215766 -0.180777
650 0.0651539 0.621687 0.0662572 -1.08912 0.0662572 -0.222001 0.174267 -0.222001
651 0.414209 0.304011 -0.722 -0.3132 -0.722 1.23904 0.532189 1.23904
652 0.174256 0.813808 -1.01159 -0.858054 -1.01159 0.868866 -0.217082 0.868866
653 0.236066 0.00643921 -0.104772 -0.928836 -0.104772 0.300648 1.30493 0.300648
654 0.196053 0.356196 0.166279 -0.462571 0.166279 -0.0764082 0.904153 -0.0764082
655 0.397863 0.0544088 -0.131929 -1.01169 -0.131929 0.578948 0.783415 0.578948
656 0.817592 0.373479 -0.0567575 0.513454 -0.0567575 0.841041 0.33581 0.841041
657 0.730151 0.674771 0.0431049 0.455041 0.0431049 0.283003 -0.240145 0.283003
658 0.30079 0.458603 -0.17085 -0.548448 -0.17085 0.442393 0.328397 0.442393
659 0.0461133 0.146967 -0.361507 -0.938429 -0.361507 1.10744 1.31699 1.10744
660 0.980539 0.704928 0.302593 0.612786 0.302593 -0.230883 -0.173394 -0.230883
661 0.363825 0.651631 -0.381641 -0.376988 -0.381641 0.522306 -0.3602 0.522306
662 0.616805 0.00426417 -0.582216 -0.809779 -0.582216 0.582997 0.0702876 0.582997
663 0.701488 0.499767 -0.237146 0.0851875 -0.237146 0.536497 0.378847 0.536497
664 0.830105 0.017028 -0.293865 0.19121 -0.293865 1.50544 -0.0761292 1.50544
665 0.0414953 0.129195 -0.820422 -0.994408 -0.820422 0.944734 1.35922 0.944734
666 0.244378 0.0147411 0.292022 -0.885452 0.292022 0.129308 1.29642 0.129308
667 0.0208368 0.375337 -0.334697 -0.926259 -0.334697 0.699817 0.827409 0.699817
668 0.970536 0.48528 0.356936 0.616759 0.356936 -0.741455 0.463063 -0.741455
669 0.621895 0.948217 0.143881 0.202481 0.143881 0.0173597 -0.496915 0.0173597
670 0.228291 0.640174 -0.267056 -0.738153 -0.267056 1.09781 0.18746 1.09781
671 0.184593 0.870276 -0.360096 -0.799925 -0.360096 0.0181439 -0.442688 0.0181439
672 0.170439 0.498304 -0.616567 -0.801799 -0.616567 0.836218 0.313249 0.836218
673 0.903062 0.824226 -0.288454 0.695465 -0.288454 0.957024 -0.335832 0.957024
674 0.376502 0.622839 0.663621 -0.391507 0.663621 -1.70652 -0.308187 -1.70652
675 0.898192 0.312828 0.609782 0.837391 0.609782 0.57056 0.281488 0.57056
676 0.233916 0.351403 -0.381641 -0.357778 -0.381641 0.522306 0.939596 0.522306
677 0.627139 0.494216 -0.305411 -0.148093 -0.305411 1.12433 0.322438 1.12433
678 0.399208 0.99373 0.129811 -0.444381 0.129811 -0.235696 -0.247681 -0.235696
679 0.580071 0.333045 -0.036071 -0.148442 -0.036071 -0.205795 0.22627 -0.205795
680 0.810237 0.528235 0.16789 0.363064 0.16789 -0.39143 0.340362 -0.39143
681 0.0555764 0.153624 0.0151528 -0.897982 0.0151528 1.59534 1.30618 1.59534
682 0.00451669 0.15658 -0.299999 -1.0185 -0.299999 0.575918 1.26855 0.575918
683 0.161408 0.497837 -0.82093 -0.818812 -0.82093 0.20382 0.335084 0.20382
684 0.582457 0.350637 -0.0683032 -0.157468 -0.0683032 0.459936 0.234291 0.459936
685 0.533313 0.131992 0.531764 -0.71009 0.531764 -0.218815 0.264312 -0.218815
686 0.218866 0.655338 -0.786635 -0.764473 -0.786635 0.389221 0.181931 0.389221
687 0.149209 0.496742 -0.616567 -0.840975 -0.616567 0.836218 0.366072 0.836218
688 0.630785 0.809029 -0.0683032 0.408695 -0.0683032 0.459936 -0.922613 0.459936
689 0.0535732 0.12704 0.0637322 -0.970913 0.0637322 -0.0939511 1.36607 -0.0939511
690 0.620728 0.827151 0.226792 0.36794 0.226792 -1.71085 -0.895964 -1.71085
691 0.987319 0.451047 -0.048676 0.736096 -0.048676 0.317538 0.428989 0.317538
692 0.350908 0.775495 -0.105526 -0.307936 -0.105526 0.711884 -0.584416 0.711884
693 0.36998 0.781319 -0.447552 -0.23737 -0.447552 -0.680859 -0.710308 -0.680859
694 0.624719 0.983207 -0.287443 0.163676 -0.287443 0.534203 -0.393738 0.534203
695 0.15562 0.513691 1.21955 -0.840746 1.21955 -0.337244 0.321661 -0.337244
696 0.807531 0.384542 0.131988 0.474041 0.131988 -0.493069 0.343822 -0.493069
697 0.995184 0.491646 0.214398 0.640066 0.214398 0.286306 0.476843 0.286306
698 0.980495 0.488783 -0.356889 0.624034 -0.356889 0.340598 0.469588 0.340598
699 0.612142 0.808031 -0.159097 0.381522 -0.159097 0.566944 -0.988434 0.566944
700 0.305456 0.797495 0.811416 -0.502337 0.811416 0.849799 -0.302365 0.849799
701 0.490403 0.488303 -0.3038 -0.551908 -0.3038 0.809308 0.228317 0.809308
702 0.579641 0.625508 0.403387 0.067959 0.403387 -0.740802 -0.553673 -0.740802
703 0.960517 0.657135 1.50227 0.595829 1.50227 0.572895 -0.027227 0.572895
704 0.996449 0.460142 -0.422437 0.72866 -0.422437 0.258291 0.441164 0.258291
705 0.961555 0.485062 0.362946 0.602456 0.362946 -1.26514 0.460455 -1.26514
706 0.413715 0.0211291 -0.301371 -1.17739 -0.301371 0.29961 0.742261 0.29961
707 0.480154 0.209551 -0.0067958 -0.474132 -0.0067958 -0.0715857 0.315413 -0.0715857
708 0.418178 0.319821 0.244744 -0.337718 0.244744 -0.775235 0.490295 -0.775235
709 0.881172 0.813487 0.0101613 0.669894 0.0101613 -0.238891 -0.365446 -0.238891
710 0.581598 0.656289 -0.0833691 0.163013 -0.0833691 -0.896041 -0.753097 -0.896041
711 0.996827 0.993381 -0.567145 1.07931 -0.567145 0.681885 0.0543647 0.681885
712 0.338408 0.205573 -0.0283371 -0.336504 -0.0283371 0.118397 1.02346 0.118397
713 0.629829 0.966701 -0.17085 0.202479 -0.17085 0.442393 -0.462646 0.442393
714 0.468718 0.492481 0.0645028 -0.563009 0.0645028 0.529215 0.223167 0.529215
715 0.42347 0.955871 -0.160011 -0.338561 -0.160011 0.379972 -0.307548 0.379972
716 0.821597 0.976935 -0.051346 0.722611 -0.051346 0.29263 -0.616947 0.29263
717 0.663367 0.807243 1.09137 0.460457 1.09137 0.346007 -0.816735 0.346007
718 0.421953 0.365566 -0.249315 -0.402761 -0.249315 1.14122 0.406088 1.14122
719 0.645394 0.00232914 -0.987073 -0.665489 -0.987073 0.10962 -0.0302905 0.10962
720 0.136858 0.502662 -0.267056 -0.872774 -0.267056 1.09781 0.37718 1.09781
721 0.037507 0.608351 -0.4139 -1.14069 -0.4139 0.742558 0.219639 0.742558
722 0.633395 0.977226 -0.315427 0.200704 -0.315427 -0.487747 -0.445082 -0.487747
723 0.710048 0.196947 -0.789642 0.182742 -0.789642 0.841041 0.134257 0.841041
724 0.0412801 0.336928 -0.593382 -0.820114 -0.593382 0.192871 0.897114 0.192871
725 0.00911846 0.385019 -0.539346 -0.967814 -0.539346 0.603569 0.815683 0.603569
726 0.415462 0.339807 0.236807 -0.364424 0.236807 -0.0987736 0.466831 -0.0987736
727 0.803653 0.957713 0.0880421 0.681572 0.0880421 -0.407475 -0.657558 -0.407475
728 0.438402 0.657361 -0.249315 -0.154124 -0.249315 1.14122 -0.764096 1.14122
729 0.696324 0.465691 -0.673663 0.0974114 -0.673663 1.05388 0.356067 1.05388
730 0.169128 0.843579 0.0385701 -0.844677 0.0385701 -0.856342 -0.356981 -0.856342
731 0.454262 0.957523 0.174216 -0.281071 0.174216 -0.75287 -0.224165 -0.75287
732 0.251387 0.0221486 0.582048 -0.852576 0.582048 -0.026266 1.28891 -0.026266
733 0.309166 0.830929 -0.242307 -0.504466 -0.242307 0.589053 -0.378381 0.589053
734 0.800925 0.975272 0.286408 0.683573 0.286408 -0.71909 -0.690945 -0.71909
735 0.969955 0.942312 0.122353 0.939876 0.122353 -0.205111 -0.107944 -0.205111
736 0.253608 0.0127925 0.811416 -0.888248 0.811416 0.849799 1.27311 0.849799
737 0.996432 0.69414 0.348966 0.618574 0.348966 -1.83571 -0.133425 -1.83571
738 0.997759 0.65572 -0.351783 0.619536 -0.351783 -0.252621 -0.0102497 -0.252621
739 0.640236 0.0388049 -0.299999 -0.57445 -0.299999 0.575918 0.0212254 0.575918
740 0.649758 0.817375 0.0607972 0.428799 0.0607972 -0.91 -0.841855 -0.91
741 0.0494284 0.164771 -0.048676 -0.885031 -0.048676 0.317538 1.27641 0.317538
742 0.226017 0.971515 0.258853 -0.698679 0.258853 -0.957447 -0.82926 -0.957447
743 0.88682 0.546377 -0.419311 0.47969 -0.419311 1.29097 0.305012 1.29097
744 0.727239 0.159987 -0.802366 0.152487 -0.802366 -0.187973 0.0424332 -0.187973
745 0.158774 0.358913 0.227787 -0.560675 0.227787 -0.60793 0.883281 -0.60793
746 0.198164 0.682777 -0.984987 -0.821756 -0.984987 0.28416 0.153601 0.28416
747 0.882338 0.814761 0.132336 0.671872 0.132336 -0.363746 -0.364166 -0.363746
748 0.974408 0.471464 0.43445 0.658722 0.43445 0.0297157 0.44891 0.0297157
749 0.667968 0.812364 0.122353 0.462879 0.122353 -0.205111 -0.794229 -0.205111
750 0.904828 0.293854 0.826155 0.895807 0.826155 -0.786767 0.262761 -0.786767
751 0.460188 0.978395 -0.941531 -0.315923 -0.941531 -0.398467 -0.0777795 -0.398467
752 0.780512 0.68266 0.247269 0.512823 0.247269 -0.903286 -0.170379 -0.903286
753 0.634805 0.960918 -0.191328 0.225714 -0.191328 -0.365172 -0.494849 -0.365172
754 0.63003 0.623991 -0.167844 0.167489 -0.167844 -0.00942733 -0.379674 -0.00942733
755 0.230166 0.708082 -0.243903 -0.756722 -0.243903 0.592808 0.195976 0.592808
756 0.153741 0.531413 -0.0310663 -0.852813 -0.0310663 -0.213647 0.301634 -0.213647
757 0.460128 0.00395256 0.104772 -1.34374 0.104772 0.455113 0.60179 0.455113
758 0.147804 0.500827 -0.289624 -0.850212 -0.289624 -0.00515733 0.355849 -0.00515733
759 0.643989 0.78718 0.113886 0.454056 0.113886 -0.44129 -0.929765 -0.44129
760 0.500357 0.46141 -0.0153846 -0.52127 -0.0153846 -0.275614 0.222751 -0.275614
761 0.361644 0.800927 0.342595 -0.292072 0.342595 -1.35727 -0.631495 -1.35727
762 0.474161 0.499861 -0.108413 -0.569582 -0.108413 1.13225 0.222097 1.13225
763 0.70776 0.200872 0.00763635 0.185035 0.00763635 -0.110841 0.143038 -0.110841
764 0.961133 0.95791 0.741532 0.951078 0.741532 -0.930021 -0.120724 -0.930021
765 0.193354 0.694874 0.0720063 -0.837635 0.0720063 -0.0521659 0.140569 -0.0521659
766 0.703457 0.190787 -0.222505 0.143254 -0.222505 0.733597 0.125621 0.733597
767 0.769459 0.981052 -0.124399 0.626306 -0.124399 0.443045 -0.816881 0.443045
768 0.0136962 0.355907 -0.131929 -0.916879 -0.131929 0.578948 0.854331 0.578948
769 0.534621 0.159262 -0.404382 -0.589954 -0.404382 0.393642 0.242859 0.393642
770 0.624201 0.460524 -1.03316 -0.127205 -1.03316 0.950925 0.305089 0.950925
771 0.0256225 0.640147 0.17396 -1.18849 0.17396 0.712379 0.101686 0.712379
772 0.936423 0.287623 0.248284 1.00991 0.248284 -0.931372 0.252339 -0.931372
773 0.608752 0.838511 0.110183 0.329899 0.110183 -0.0932984 -0.883305 -0.0932984
774 0.633104 0.00355044 -0.0093208 -0.726353 -0.0093208 0.0564645 0.0134722 0.0564645
775 0.245752 0.655698 -0.0310663 -0.704126 -0.0310663 -0.213647 0.201227 -0.213647
776 0.213324 0.633803 -0.105767 -0.76909 -0.105767 -0.802273 0.182435 -0.802273
777 0.251726 0.00351938 0.0175779 -0.91537 0.0175779 -0.294288 1.27091 -0.294288
778 0.239952 0.689205 0.0101613 -0.727813 0.0101613 -0.238891 0.207105 -0.238891
779 0.980135 0.671518 0.421187 0.609612 0.421187 -0.471215 -0.0666698 -0.471215
780 0.234313 0.987936 -0.0339528 -0.686943 -0.0339528 0.206714 -0.893779 0.206714
781 0.967073 0.46006 0.356272 0.674493 0.356272 -0.0862636 0.434824 -0.0862636
782 0.00629504 0.369448 0.24431 -0.953584 0.24431 -0.377607 0.835546 -0.377607
783 0.605844 0.642231 -0.968037 0.16743 -0.968037 0.739207 -0.571264 0.739207
784 0.458764 0.501328 -0.600997 -0.571057 -0.600997 -0.34091 0.206426 -0.34091
785 0.216577 0.989702 1.45021 -0.698245 1.45021 -1.14018 -0.925475 -1.14018
786 0.560565 0.13755 -0.73417 -0.576428 -0.73417 1.35085 0.222464 1.35085
787 0.552101 0.154932 -0.695768 -0.540275 -0.695768 0.376941 0.22645 0.376941
788 0.542727 0.194566 0.0526971 -0.412814 0.0526971 1.2578 0.213509 1.2578
789 0.627573 0.0160035 -0.332568 -0.713678 -0.332568 1.40263 0.0416341 1.40263
790 0.212016 0.638405 0.375939 -0.773669 0.375939 -0.390934 0.180974 -0.390934
791 0.0582953 0.612959 -0.67713 -1.09859 -0.67713 -0.152368 0.201318 -0.152368
792 0.435263 0.917921 -0.048661 -0.241556 -0.048661 2.43736 -0.469269 2.43736
793 0.793104 0.972043 -0.0628917 0.668113 -0.0628917 -0.0884758 -0.714811 -0.0884758
794 0.472369 0.037544 -0.415928 -1.22141 -0.415928 0.0125367 0.528459 0.0125367
795 0.216437 0.320073 -0.048676 -0.335772 -0.048676 0.317538 1.08727 0.317538
796 0.880049 0.830005 0.244744 0.685596 0.244744 -0.775235 -0.370368 -0.775235
797 0.081659 0.124776 -0.0371303 -0.909745 -0.0371303 0.698644 1.37366 0.698644
798 0.343843 0.149973 0.0662572 -0.552439 0.0662572 -0.222001 0.99065 -0.222001
799 0.398182 0.942064 -0.103001 -0.367825 -0.103001 0.583834 -0.410088 0.583834
800 0.457144 0.96836 -0.053871 -0.299169 -0.053871 0.42068 -0.150373 0.42068
801 0.5945 0.623199 -0.393105 0.091879 -0.393105 0.169823 -0.490078 0.169823
802 0.949036 0.968744 1.45568 0.946894 1.45568 1.55334 -0.153289 1.55334
803 0.804233 0.386017 -0.0683032 0.464153 -0.0683032 0.459936 0.344738 0.459936
804 0.934212 0.80821 0.464894 0.693998 0.464894 -1.27232 -0.3001 -1.27232
805 0.20773 0.0214137 -0.0317188 -0.935892 -0.0317188 0.150232 1.36082 0.150232
806 0.398093 0.349408 -0.226946 -0.371133 -0.226946 0.425503 0.503764 0.425503
807 0.459775 0.973352 -1.00549 -0.305426 -1.00549 -1.32921 -0.110973 -1.32921
808 0.306787 0.463877 -0.743946 -0.557835 -0.743946 -0.59534 0.303085 -0.59534
809 0.629538 0.500301 -0.325888 -0.144834 -0.325888 0.316765 0.3251 0.316765
810 0.626884 0.0240905 -0.299999 -0.690018 -0.299999 0.575918 0.0496539 0.575918
811 0.421115 0.336778 1.96128 -0.362727 1.96128 -0.0973101 0.453004 -0.0973101
812 0.0280653 0.378318 -0.232358 -0.912982 -0.232358 0.973914 0.822161 0.973914
813 0.648009 0.80469 -0.365027 0.439961 -0.365027 0.132569 -0.874628 0.132569
814 0.11939 0.510933 -0.834192 -0.911752 -0.834192 1.20526 0.398985 1.20526
815 0.880882 0.824905 0.220112 0.681111 0.220112 -0.624986 -0.368081 -0.624986
816 0.231654 0.341193 -0.103001 -0.341427 -0.103001 0.583834 0.991677 0.583834
817 0.622681 0.972512 0.080473 0.171452 0.080473 0.184013 -0.420223 0.184013
818 0.626426 0.974093 -0.299999 0.181643 -0.299999 0.575918 -0.428634 0.575918
819 0.21749 0.356846 -0.126924 -0.410487 -0.126924 0.571096 0.906851 0.571096
820 0.995875 0.478609 -0.126517 0.676937 -0.126517 0.0305362 0.46214 0.0305362
821 0.211899 0.0141018 -0.186131 -0.950876 -0.186131 0.829209 1.35195 0.829209
822 0.210482 0.353105 0.653324 -0.420157 0.653324 1.08897 0.922994 1.08897
823 0.530159 0.159416 -0.361507 -0.606458 -0.361507 1.10744 0.247419 1.10744
824 0.444717 0.0307028 -0.0476431 -1.19798 -0.0476431 -0.0553616 0.630646 -0.0553616
825 0.587915 0.987342 -0.188431 0.0313591 -0.188431 1.10262 -0.227211 1.10262
826 0.310555 0.470867 -0.829128 -0.570653 -0.829128 0.527522 0.272841 0.527522
827 0.784199 0.675861 -0.0067958 0.50638 -0.0067958 -0.0715857 -0.147036 -0.0715857
828 0.301562 0.468076 -0.226946 -0.566999 -0.226946 0.425503 0.287142 0.425503
829 0.999977 0.469599 0.239332 0.708941 0.239332 -0.226824 0.452799 -0.226824
830 0.521474 0.173855 -0.436124 -0.577334 -0.436124 0.416258 0.24323 0.416258
831 0.0198495 0.351481 -0.144881 -0.895352 -0.144881 0.972958 0.862569 0.972958
832 0.909594 0.294084 0.406585 0.910408 0.406585 -0.24842 0.26237 -0.24842
833 0.665026 0.792148 0.622899 0.476897 0.622899 -1.29565 -0.833064 -1.29565
834 0.356082 0.641452 -0.703225 -0.412767 -0.703225 0.500155 -0.28875 0.500155
835 0.922353 0.100053 0.43551 0.69701 0.43551 0.113381 0.235656 0.113381
836 0.840068 0.0170595 -0.0628917 0.225033 -0.0628917 -0.0884758 -0.0413043 -0.0884758
837 0.0121656 0.38454 -0.207127 -0.959875 -0.207127 0.848393 0.815626 0.848393
838 0.0343977 0.645705 -0.0654167 -1.17276 -0.0654167 0.0395744 0.0853335 0.0395744
839 0.19704 0.665666 0.734751 -0.817613 0.734751 1.10035 0.161052 1.10035
840 0.309282 0.140716 -0.578212 -0.538794 -0.578212 0.809701 1.14179 0.809701
841 0.179212 0.349446 0.0708283 -0.491271 0.0708283 0.167775 0.928285 0.167775
842 0.858394 0.496802 -0.391892 0.412319 -0.391892 0.419689 0.443328 0.419689
843 0.855793 0.80818 -0.373855 0.650535 -0.373855 0.188701 -0.395184 0.188701
844 0.222903 0.357094 0.21154 -0.397532 0.21154 1.15564 0.90703 1.15564
845 0.337113 0.174088 0.0897012 -0.452977 0.0897012 0.436614 1.02475 0.436614
846 0.102241 0.844163 -0.616567 -0.959846 -0.616567 0.836218 -0.496372 0.836218
847 0.0252539 0.60177 0.192217 -1.16266 0.192217 0.427715 0.246772 0.427715
848 0.161171 0.0126918 -0.616567 -1.05396 -0.616567 0.836218 1.44027 0.836218
849 0.0329999 0.314172 -0.223129 -0.808493 -0.223129 1.22652 0.930762 1.22652
850 0.874028 0.784994 -0.278601 0.638733 -0.278601 0.716707 -0.366152 0.716707
851 0.982743 0.633037 0.351009 0.608145 0.351009 -0.323041 0.0572696 -0.323041
852 0.147124 0.513792 -0.39318 -0.857788 -0.39318 -0.607022 0.338356 -0.607022
853 0.00786836 0.176414 -0.539346 -0.962971 -0.539346 0.603569 1.21023 0.603569
854 0.457744 0.498811 -0.211698 -0.574031 -0.211698 0.458617 0.21599 0.458617
855 0.252743 0.00685206 -0.315387 -0.906341 -0.315387 1.15485 1.27063 1.15485
856 0.39061 0.336241 -0.159097 -0.348025 -0.159097 0.566944 0.556337 0.566944
857 0.763478 0.667547 0.674554 0.484347 0.674554 -1.58685 -0.127016 -1.58685
858 0.62156 0.338701 -0.0654167 -0.0258301 -0.0654167 0.0395744 0.24868 0.0395744
859 0.183012 0.355922 -1.22449 -0.494544 -1.22449 0.321542 0.901749 0.321542
860 0.486719 0.204935 0.163754 -0.501795 0.163754 0.051642 0.28784 0.051642
861 0.158983 0.512143 -0.243903 -0.833308 -0.243903 0.592808 0.316913 0.592808
862 0.799586 0.396995 -0.567867 0.439718 -0.567867 1.08209 0.352575 1.08209
863 0.92675 0.23153 0.375275 1.01849 0.375275 -0.132102 0.219649 -0.132102
864 0.46144 0.950379 -0.362718 -0.250959 -0.362718 0.449788 -0.251973 0.449788
865 0.31729 0.820922 -0.249315 -0.47085 -0.249315 1.14122 -0.400374 1.14122
866 0.654938 0.0331958 0.347291 -0.519148 0.347291 -0.757692 -0.0280737 -0.757692
867 0.40408 0.00790707 -0.199017 -1.21207 -0.199017 -0.248136 0.780192 -0.248136
868 0.64436 0.000896136 -0.616567 -0.675546 -0.616567 0.836218 -0.0280994 0.836218
869 0.871873 0.804196 -0.34203 0.655742 -0.34203 0.0635296 -0.374374 0.0635296
870 0.833074 0.387601 -0.357804 0.532091 -0.357804 0.759448 0.347765 0.759448
871 0.193403 0.331356 0.102247 -0.418996 0.102247 0.583163 1.01546 0.583163
872 0.757179 0.370838 -0.103739 0.362597 -0.103739 -0.0722517 0.331981 -0.0722517
873 0.305114 0.797651 -0.504587 -0.503709 -0.504587 -0.43473 -0.300623 -0.43473
874 0.629426 0.819846 0.587388 0.392512 0.587388 -0.160153 -0.895189 -0.160153
875 0.607775 0.996354 -0.74241 0.085912 -0.74241 0.361473 -0.275199 0.361473
876 0.419619 0.033407 -0.226946 -1.13825 -0.226946 0.425503 0.715612 0.425503
877 0.147705 0.53233 -3.13852 -0.865514 -3.13852 1.58706 0.310232 1.58706
878 0.474223 0.477027 0.327983 -0.543984 0.327983 0.805434 0.229557 0.805434
879 0.774502 0.367621 0.431371 0.410075 0.431371 -0.115211 0.330277 -0.115211
880 0.681332 0.0439801 -1.21764 -0.3563 -1.21764 2.05691 -0.0905224 2.05691
881 0.910523 0.300632 0.847885 0.899789 0.847885 1.00909 0.268585 1.00909
882 0.61978 0.796092 -0.721565 0.409967 -0.721565 0.827516 -1.00277 0.827516
883 0.18692 0.361842 -0.361507 -0.49662 -0.361507 1.10744 0.876812 1.10744
884 0.472046 0.495086 -0.104772 -0.564919 -0.104772 0.300648 0.223009 0.300648
885 0.0247205 0.600211 -0.0628917 -1.16273 -0.0628917 -0.0884758 0.252851 -0.0884758
886 0.692865 0.532416 -0.124399 0.120068 -0.124399 0.443045 0.229422 0.443045
887 0.779927 0.653406 -0.538102 0.476328 -0.538102 0.137391 -0.0755203 0.137391
888 0.326227 0.809432 -0.611155 -0.431378 -0.611155 0.287807 -0.434077 0.287807
889 0.195505 0.67204 -0.0641034 -0.823616 -0.0641034 -0.746127 0.156179 -0.746127
890 0.129398 0.476117 0.184555 -0.843436 0.184555 1.47697 0.479293 1.47697
891 0.536485 0.162693 0.517465 -0.568407 0.517465 -0.892827 0.238547 -0.892827
892 0.327614 0.785961 -0.60863 -0.409878 -0.60863 0.159757 -0.426233 0.159757
893 0.0320303 0.321484 -0.110183 -0.821585 -0.110183 0.84906 0.917463 0.84906
894 0.315754 0.816039 0.0818267 -0.473538 0.0818267 -1.39913 -0.386958 -1.39913
895 0.777925 0.9827 -0.146145 0.642637 -0.146145 0.172934 -0.787949 0.172934
896 0.632154 0.0177299 -0.108292 -0.684332 -0.108292 -0.674223 0.0280326 -0.674223
897 0.409795 0.324786 -0.0628917 -0.34034 -0.0628917 -0.0884758 0.512639 -0.0884758
898 0.30054 0.154435 0.0683033 -0.477537 0.0683033 0.295825 1.18687 0.295825
899 0.608062 0.966973 0.21885 0.131916 0.21885 0.303088 -0.389723 0.303088
900 0.9911 0.986278 0.275917 1.05481 0.275917 -0.536527 0.0217667 -0.536527
901 0.176009 0.343835 -0.799751 -0.488351 -0.799751 1.72543 0.950625 1.72543
902 0.318708 0.491913 -0.357307 -0.608665 -0.357307 -0.0986234 0.188378 -0.0986234
903 0.00154451 0.370027 0.253438 -0.965974 0.253438 0.711 0.834673 0.711
904 0.238281 0.654985 -0.505638 -0.720702 -0.505638 0.150364 0.195663 0.150364
905 0.0269939 0.373788 -0.317952 -0.909128 -0.317952 -0.359697 0.829514 -0.359697
906 0.843343 0.501343 -0.476045 0.385063 -0.476045 0.318048 0.437302 0.318048
907 0.58196 0.351124 -0.0683032 -0.15946 -0.0683032 0.459936 0.23423 0.459936
908 0.213706 0.32165 -0.419311 -0.346237 -0.419311 1.29097 1.07712 1.29097
909 0.778465 0.366322 0.088438 0.421637 0.088438 -0.36341 0.329463 -0.36341
910 0.957166 0.960354 0.275853 0.94817 0.275853 -0.560331 -0.132 -0.560331
911 0.00982672 0.175668 0.0919088 -0.959683 0.0919088 1.09693 1.2143 1.09693
912 0.300906 0.145335 -0.226946 -0.510519 -0.226946 0.425503 1.18086 0.425503
913 0.5844 0.622271 0.289487 0.0682314 0.289487 -0.574163 -0.516598 -0.574163
914 0.773745 0.671236 0.0101613 0.494964 0.0101613 -0.238891 -0.13555 -0.238891
915 0.513461 0.172896 -0.555059 -0.611298 -0.555059 0.304697 0.250826 0.304697
916 0.980728 0.681584 0.230312 0.610819 0.230312 -0.73598 -0.0986659 -0.73598
917 0.807549 0.391666 -0.011999 0.465126 -0.011999 0.616547 0.349209 0.616547
918 0.60005 0.646999 0.161197 0.169732 0.161197 0.473646 -0.622343 0.473646
919 0.423736 0.333997 0.0662572 -0.360113 0.0662572 -0.222001 0.448376 -0.222001
920 0.109369 0.495061 -0.367465 -0.917284 -0.367465 -0.292159 0.458269 -0.292159
921 0.44488 0.00491197 -0.0169956 -1.3082 -0.0169956 0.0394082 0.650033 0.0394082
922 0.497278 0.522094 0.306238 -0.480726 0.306238 0.535322 0.0494246 0.535322
923 0.453577 0.957852 -0.383252 -0.283124 -0.383252 0.837328 -0.223896 0.837328
924 0.375284 0.0194317 -0.0093208 -1.10796 -0.0093208 0.0564645 0.871748 0.0564645
925 0.827372 0.50405 0.459483 0.36326 0.459483 -0.723912 0.423828 -0.723912
926 0.0808947 0.100624 -0.445223 -0.975873 -0.445223 0.601072 1.41822 0.601072
927 0.11193 0.499279 -0.546051 -0.919461 -0.546051 0.897932 0.439737 0.897932
928 0.369093 0.639936 -0.457096 -0.381165 -0.457096 0.344916 -0.342726 0.344916
929 0.9767 0.674815 0.45236 0.608074 0.45236 -0.232507 -0.0783798 -0.232507
930 0.215512 0.679633 -0.359502 -0.780774 -0.359502 0.0310692 0.175532 0.0310692
931 0.420621 0.355662 -0.588595 -0.388637 -0.588595 0.148528 0.425141 0.148528
932 0.231239 0.994572 -1.08877 -0.68683 -1.08877 -0.402091 -0.92859 -0.402091
933 0.211452 0.6598 0.167457 -0.782786 0.167457 -0.296349 0.17557 -0.296349
934 0.839283 0.499332 -0.0708282 0.378657 -0.0708282 0.587986 0.439901 0.587986
935 0.431038 0.640266 0.258815 -0.219753 0.258815 -0.52218 -0.625171 -0.52218
936 0.589099 0.342244 -0.587232 -0.129166 -0.587232 0.300545 0.234282 0.300545
937 0.644736 0.80375 0.0144982 0.436152 0.0144982 -0.890709 -0.888308 -0.890709
938 0.779168 0.678339 -0.0169956 0.506798 -0.0169956 0.0394082 -0.156797 0.0394082
939 0.207662 0.685609 -0.1169 -0.801 -0.1169 -1.10289 0.164433 -1.10289
940 0.188658 0.35146 -2.40557 -0.471524 -2.40557 -0.490151 0.923085 -0.490151
941 0.0514064 0.359827 -0.308524 -0.828728 -0.308524 -0.391101 0.856971 -0.391101
942 0.723221 0.181789 -0.44856 0.191206 -0.44856 1.60224 0.0946929 1.60224
943 0.248124 0.0157883 0.172518 -0.874663 0.172518 0.279071 1.29092 0.279071
944 0.283774 0.151405 -0.0337363 -0.465632 -0.0337363 -0.516024 1.26076 -0.516024
945 0.176812 0.0209573 0.261485 -0.998435 0.261485 -0.497271 1.41061 -0.497271
946 0.409344 0.991392 0.307022 -0.42487 0.307022 -0.68359 -0.21187 -0.68359
947 0.596821 0.356501 0.267407 -0.118458 0.267407 -0.39715 0.24396 -0.39715
948 0.165023 0.862419 0.131993 -0.836435 0.131993 -1.83055 -0.446412 -1.83055
949 0.981957 0.466438 -1.32443 0.685255 -1.32443 0.503991 0.445094 0.503991
950 0.615555 0.809837 -0.299999 0.384111 -0.299999 0.575918 -0.970523 0.575918
951 0.169855 0.370262 2.40221 -0.555122 2.40221 1.19429 0.83929 1.19429
952 0.22556 0.339096 -0.100115 -0.35247 -0.100115 0.163473 0.99904 0.163473
953 0.198872 0.984257 0.129811 -0.713168 0.129811 -0.235696 -0.924603 -0.235696
954 0.784946 0.932514 -0.0093208 0.643143 -0.0093208 0.0564645 -0.680822 0.0564645
955 0.0508721 0.133401 -0.0285413 -0.961189 -0.0285413 -0.341697 1.35086 -0.341697
956 0.584645 0.611569 -0.0125497 0.0373887 -0.0125497 -0.909586 -0.444907 -0.909586
957 0.808523 0.347711 -0.414157 0.523068 -0.414157 0.295723 0.315964 0.295723
958 0.471923 0.504884 -0.910868 -0.554608 -0.910868 1.18107 0.185182 1.18107
959 0.792472 0.984037 0.425539 0.670732 0.425539 -1.01125 -0.735041 -1.01125
960 0.889174 0.794955 -0.0628917 0.654979 -0.0628917 -0.0884758 -0.353707 -0.0884758
961 0.177654 0.683018 0.882495 -0.868968 0.882495 1.10104 0.128075 1.10104
962 0.223298 0.673421 -0.214881 -0.760779 -0.214881 -0.679976 0.184781 -0.679976
963 0.445895 0.655585 -0.0067958 -0.137654 -0.0067958 -0.0715857 -0.791214 -0.0715857
964 0.640502 0.817047 0.171691 0.414134 0.171691 -0.62482 -0.870276 -0.62482
965 0.381821 0.797484 0.132756 -0.211463 0.132756 1.0807 -0.755018 1.0807
966 0.987445 0.922764 0.227787 0.932093 0.227787 -0.60793 -0.0790103 -0.60793
967 0.578598 0.346355 0.457365 -0.165401 0.457365 -1.13642 0.230693 -1.13642
968 0.218887 0.638711 0.909602 -0.758531 0.909602 -0.926992 0.183623 -0.926992
969 0.467349 0.461802 0.0752779 -0.528033 0.0752779 0.287155 0.237686 0.287155
970 0.679135 0.506024 -0.299999 0.0257712 -0.299999 0.575918 0.334458 0.575918
971 0.451274 0.489015 -0.804366 -0.56417 -0.804366 0.129613 0.221827 0.129613
972 0.319744 0.831509 0.00763635 -0.468604 0.00763635 -0.110841 -0.423133 -0.110841
973 0.68365 0.512642 0.122353 0.0533533 0.122353 -0.205111 0.307788 -0.205111
974 0.418591 0.347805 -0.508178 -0.376949 -0.508178 0.577564 0.443703 0.577564
975 0.459235 0.494129 0.422667 -0.56793 0.422667 -1.01252 0.219721 -1.01252
976 0.134105 0.472205 0.487467 -0.826662 0.487467 -0.0983212 0.484285 -0.0983212
977 0.243361 0.0209922 -0.243903 -0.866805 -0.243903 0.592808 1.30323 0.592808
978 0.0437117 0.154345 -0.126601 -0.925796 -0.126601 1.18886 1.29779 1.18886
979 0.128469 0.497318 0.192948 -0.883234 0.192948 -0.169598 0.409465 -0.169598
980 0.0507104 0.617591 -0.780877 -1.11809 -0.780877 0.325865 0.186745 0.325865
981 0.650044 0.790491 0.092141 0.458365 0.092141 -0.711402 -0.897104 -0.711402
982 0.950177 0.977984 0.129811 0.963106 0.129811 -0.235696 -0.141647 -0.235696
983 0.963598 0.302638 0.418226 1.05982 0.418226 -1.32062 0.264657 -1.32062
984 0.632045 0.968266 0.698032 0.207625 0.698032 1.22053 -0.465512 1.22053
985 0.332744 0.778931 -0.42147 -0.384327 -0.42147 -0.0136448 -0.457086 -0.0136448
986 0.469447 0.479791 0.284274 -0.54827 0.284274 0.231461 0.228877 0.231461
987 0.233054 0.0263965 -0.834192 -0.869557 -0.834192 1.20526 1.32334 1.20526
988 0.183138 0.690005 -0.567867 -0.859284 -0.567867 1.08209 0.129413 1.08209
989 0.198296 0.673171 -0.0778375 -0.817698 -0.0778375 -1.47591 0.158497 -1.47591
990 0.582265 0.31281 0.297522 -0.122853 0.297522 -0.652293 0.219416 -0.652293
991 0.920487 0.321023 -0.124399 0.88696 -0.124399 0.443045 0.287584 0.443045
992 0.820985 0.0682891 0.0974301 0.276956 0.0974301 0.016707 -0.0315871 0.016707
993 0.736264 0.384593 -0.226946 0.290382 -0.226946 0.425503 0.33292 0.425503
994 0.186214 0.360604 -0.968649 -0.495894 -0.968649 -0.826859 0.882117 -0.826859
995 0.180778 0.370414 -0.855641 -0.528737 -0.855641 -0.426621 0.838957 -0.426621
996 0.0229186 0.343918 -0.0417014 -0.877006 -0.0417014 0.308867 0.875202 0.308867
997 0.641157 0.801047 0.494032 0.434037 0.494032 0.450467 -0.907684 0.450467
998 0.396476 0.342564 -0.294543 -0.360212 -0.294543 0.833641 0.523219 0.833641
999 0.0442507 0.148348 -0.366918 -0.939553 -0.366918 1.65585 1.31278 1.65585

