id x y phenotype0 envi phenotype0-1 phenotype1 envi2 phenotype1-1
0 0.0340894 0.500331 0.0554875 -1.0704 0.0554875 0.204421 0.308819 0.204421
1 0.98387 0.53904 -0.472654 0.418566 -0.472654 0.320713 0.278109 0.320713
2 0.61867 0.446978 0.268247 -0.1894 0.268247 -0.0421801 0.0162177 -0.0421801
3 0.841105 0.451333 -0.684397 0.249469 -0.684397 0.847722 0.0156651 0.847722
4 0.516696 0.334965 -0.316259 -0.44906 -0.316259 0.563706 0.695833 0.563706
5 0.161603 0.432387 -0.0842519 -0.923916 -0.0842519 -0.0142117 0.402966 -0.0142117
6 0.0681814 0.320294 -0.288182 -1.14391 -0.288182 0.535776 0.150763 0.535776
7 0.327814 0.76545 1.00958 -0.45047 1.00958 -1.95314 -1.00068 -1.95314
8 0.130226 0.776117 0.545546 -0.709162 0.545546 -0.761994 -1.13021 -0.761994
9 0.367485 0.204754 -0.846797 -0.578848 -0.846797 0.524085 0.863075 0.524085
10 0.393989 0.622192 -0.934623 -0.333585 -0.934623 0.830532 -0.310829 0.830532
11 0.619952 0.445257 0.326119 -0.187183 0.326119 0.650493 0.0241281 0.650493
12 0.812021 0.47812 -0.0586985 0.179704 -0.0586985 -0.102509 -0.214847 -0.102509
13 0.494109 0.866548 -0.3963 0.240184 -0.3963 0.281687 -0.73939 0.281687
14 0.0183903 0.653733 -0.541431 -0.72902 -0.541431 0.515544 -0.59654 0.515544
15 0.44479 0.978815 -0.873209 -0.0586453 -0.873209 -0.589003 -0.813607 -0.589003
16 0.462356 0.0418193 -0.363824 -0.00626559 -0.363824 0.0126536 1.32078 0.0126536
17 0.131455 0.436553 -0.832408 -0.971241 -0.832408 0.074513 0.367844 0.074513
18 0.0173072 0.280232 -0.879702 -1.29937 -0.879702 0.243719 0.0395038 0.243719
19 0.803665 0.616038 -0.598116 0.284166 -0.598116 0.0435833 -0.594364 0.0435833
20 0.00717764 0.476555 -0.882868 -1.12648 -0.882868 0.163779 0.24813 0.163779
21 0.475207 0.0104737 0.386609 0.145674 0.386609 0.217801 1.32875 0.217801
22 0.446106 0.658576 -1.39072 -0.022795 -1.39072 -0.613694 -0.469998 -0.613694
23 0.224709 0.969315 -0.786911 -0.198196 -0.786911 0.00301793 -1.07386 0.00301793
24 0.356691 0.199838 -0.319954 -0.593512 -0.319954 0.0286265 0.867226 0.0286265
25 0.0104542 0.996858 -0.598116 -1.17765 -0.598116 0.0435833 -1.00634 0.0435833
26 0.987703 0.770012 1.33531 0.705574 1.33531 -0.503326 -0.432698 -0.503326
27 0.0187686 0.32625 1.3951 -1.25238 1.3951 -0.0705927 0.0934766 -0.0705927
28 0.0155441 0.675802 -0.258504 -0.674298 -0.258504 -0.280697 -0.725081 -0.280697
29 0.453156 0.680904 -0.56311 0.0795765 -0.56311 -0.0342976 -0.5495 -0.0342976
30 0.668554 0.181405 -0.143275 0.123009 -0.143275 0.570968 1.21841 0.570968
31 0.959486 0.321347 -0.75591 0.794761 -0.75591 0.616988 0.473403 0.616988
32 0.148589 0.423236 -0.47312 -0.945862 -0.47312 0.681712 0.375039 0.681712
33 0.857775 0.182276 0.256898 0.682262 0.256898 0.362806 1.06165 0.362806
34 0.809298 0.983611 -0.305731 0.827067 -0.305731 0.50017 -0.614911 0.50017
35 0.755246 0.304089 -0.66145 0.088241 -0.66145 0.280147 0.858878 0.280147
36 0.82689 0.497817 -0.0891275 0.183952 -0.0891275 0.414422 -0.261823 0.414422
37 0.794818 0.629372 0.571658 0.286746 0.571658 -0.563876 -0.649777 -0.563876
38 0.0205269 0.664022 -0.918436 -0.7068 -0.918436 -1.15131 -0.654729 -1.15131
39 0.847989 0.789993 1.41745 0.546101 1.41745 -0.166864 -0.729366 -0.166864
40 0.031525 0.981808 -0.437392 -1.0394 -0.437392 0.215013 -1.02068 0.215013
41 0.592585 0.998858 -0.192555 0.290122 -0.192555 -0.511413 -0.63996 -0.511413
42 0.095177 0.117202 -2.05815 -1.24446 -2.05815 0.348344 0.911529 0.348344
43 0.0622294 0.33985 -0.231174 -1.14464 -0.231174 0.548189 0.165414 0.548189
44 0.583076 0.97987 -0.0690609 0.268154 -0.0690609 -0.230881 -0.662431 -0.230881
45 0.055394 0.500742 -0.632389 -1.04469 -0.632389 0.399661 0.334964 0.399661
46 0.270997 0.809003 0.306201 -0.630905 0.306201 -0.0534837 -1.08344 -0.0534837
47 0.0194515 0.521436 -0.762849 -1.03833 -0.762849 0.399176 0.167409 0.399176
48 0.185774 0.242097 -0.425375 -0.875436 -0.425375 0.066591 0.276279 0.066591
49 0.734502 0.347261 0.58667 0.0399417 0.58667 0.154672 0.550325 0.154672
50 0.816183 0.837382 -0.989694 0.587812 -0.989694 -0.178351 -0.747158 -0.178351
51 0.203012 0.206123 -1.17159 -0.881396 -1.17159 -0.269953 0.560697 -0.269953
52 0.402243 0.203488 -0.684397 -0.522424 -0.684397 0.847722 0.929366 0.847722
53 0.0268637 0.496425 -0.790174 -1.08278 -0.790174 0.312398 0.296993 0.312398
54 0.375265 0.188668 -0.186771 -0.553026 -0.186771 0.262891 0.944982 0.262891
55 0.0211658 0.522506 -0.0586985 -1.0343 -0.0586985 -0.102509 0.163346 -0.102509
56 0.667689 0.172238 -0.706946 0.15444 -0.706946 0.351642 1.21943 0.351642
57 0.470207 0.647052 1.18476 0.0460742 1.18476 -0.331912 -0.428389 -0.331912
58 0.471798 0.53974 0.128271 -0.322777 0.128271 0.00573742 -0.0744186 0.00573742
59 0.976276 0.521911 0.168456 0.384997 0.168456 -0.785157 0.30113 -0.785157
60 0.439807 0.998245 -0.409595 -0.0817588 -0.409595 1.13401 -0.820374 1.13401
61 0.916478 0.331412 -0.415969 0.625852 -0.415969 0.792673 0.504456 0.792673
62 0.113364 0.775348 -0.99617 -0.688326 -0.99617 -0.123001 -1.13147 -0.123001
63 0.204612 0.682202 0.753911 -0.871343 0.753911 -0.341208 -0.679937 -0.341208
64 0.981282 0.554841 -0.210273 0.437968 -0.210273 -1.06775 0.217687 -1.06775
65 0.151534 0.431845 -0.805687 -0.940097 -0.805687 -0.355188 0.388985 -0.355188
66 0.369357 0.155175 -0.395903 -0.539929 -0.395903 0.14737 1.08442 0.14737
67 0.770034 0.340052 -0.27326 0.137848 -0.27326 0.565104 0.58442 0.565104
68 0.856797 0.210613 -0.345728 0.61636 -0.345728 0.0558932 0.995963 0.0558932
69 0.0846099 0.0876009 -0.329688 -1.29498 -0.329688 -0.0114653 1.05912 -0.0114653
70 0.795408 0.636632 0.697537 0.295512 0.697537 -0.219608 -0.661213 -0.219608
71 0.345339 0.388672 -0.186722 -0.64681 -0.186722 -0.343643 0.468055 -0.343643
72 0.0241585 0.270624 -0.90265 -1.29052 -0.90265 0.811293 0.0374172 0.811293
73 0.494368 0.516249 0.0715271 -0.362098 0.0715271 0.137062 -0.0462983 0.137062
74 0.941988 0.968123 -0.16812 0.573401 -0.16812 -0.446997 -0.84485 -0.446997
75 0.00311471 0.949824 -0.614155 -1.07304 -0.614155 0.110942 -1.0326 0.110942
76 0.669251 0.507509 0.620251 -0.0563151 0.620251 -0.950415 -0.427457 -0.950415
77 0.0699523 0.297173 -0.0355728 -1.15409 -0.0355728 -0.754594 0.126568 -0.754594
78 0.958327 0.980144 0.137148 0.537892 0.137148 0.914366 -0.894137 0.914366
79 0.511837 0.0390726 -0.200928 0.217886 -0.200928 0.770055 1.21842 0.770055
80 0.987184 0.33421 -0.751267 0.852713 -0.751267 1.23438 0.436767 1.23438
81 0.233692 0.972125 -1.10914 -0.150513 -1.10914 -0.336166 -1.07531 -0.336166
82 0.684883 0.495505 0.19604 -0.0402217 0.19604 -0.419872 -0.419738 -0.419872
83 0.201648 0.24051 -0.935503 -0.834631 -0.935503 -0.208093 0.309407 -0.208093
84 0.0309358 0.977365 0.814498 -1.03224 0.814498 -0.460587 -1.02301 -0.460587
85 0.721441 0.341005 -0.472654 0.00991469 -0.472654 0.320713 0.600439 0.320713
86 0.462693 0.517443 0.659606 -0.418356 0.659606 0.246017 0.0188914 0.246017
87 0.397102 0.973832 -0.526542 -0.0573351 -0.526542 0.364354 -0.878529 0.364354
88 0.313107 0.764751 -1.25755 -0.537015 -1.25755 -0.0457208 -1.02447 -0.0457208
89 0.0381868 0.697425 0.0842679 -0.652581 0.0842679 -0.434687 -0.841326 -0.434687
90 0.833609 0.460845 0.018053 0.227081 0.018053 -0.275851 -0.0519047 -0.275851
91 0.313872 0.513788 -0.602143 -0.706811 -0.602143 0.621527 0.363087 0.621527
92 0.820134 0.163807 -0.00553736 0.606793 -0.00553736 0.826628 1.16208 0.826628
93 0.649152 0.861361 0.199367 0.486582 0.199367 -0.28593 -0.744959 -0.28593
94 0.429869 0.995579 -0.709544 -0.0738038 -0.709544 -0.21083 -0.833652 -0.21083
95 0.201868 0.214943 -0.677384 -0.871421 -0.677384 0.232028 0.494829 0.232028
96 0.31505 0.807746 -0.866982 -0.431308 -0.866982 -0.109714 -1.01496 -0.109714
97 0.0435 0.295119 -1.25187 -1.22062 -1.25187 -0.241451 0.0901154 -0.241451
98 0.415858 0.653375 -0.431903 -0.172305 -0.431903 0.744554 -0.452209 0.744554
99 0.927517 0.326242 0.0481617 0.673736 0.0481617 0.277974 0.504186 0.277974
100 0.663012 0.169215 -0.0874788 0.153888 -0.0874788 0.536599 1.21727 0.536599
101 0.147757 0.423947 -0.356219 -0.947152 -0.356219 0.0495074 0.374769 0.0495074
102 0.191093 0.414678 -0.598116 -0.874082 -0.598116 0.0435833 0.421197 0.0435833
103 0.226244 0.954265 -0.270441 -0.241319 -0.270441 0.4245 -1.07818 0.4245
104 0.842767 0.459917 0.231446 0.243235 0.231446 -0.420646 -0.0193911 -0.420646
105 0.0257554 0.978529 -0.863663 -1.05798 -0.863663 0.17636 -1.02105 0.17636
106 0.967969 0.946675 -0.325661 0.545115 -0.325661 -0.589409 -0.842421 -0.589409
107 0.810286 0.833469 0.633956 0.579833 0.633956 -0.884348 -0.755909 -0.884348
108 0.641625 0.986541 -0.412136 0.502953 -0.412136 0.337329 -0.600965 0.337329
109 0.560541 0.997198 -0.287857 0.151845 -0.287857 0.336265 -0.675392 0.336265
110 0.380408 0.198902 -0.753698 -0.552975 -0.753698 -0.557901 0.909995 -0.557901
111 0.37532 0.965078 -1.14238 -0.0646493 -1.14238 -0.218116 -0.908868 -0.218116
112 0.687306 0.486824 -0.330445 -0.0370025 -0.330445 0.0222407 -0.367055 0.0222407
113 0.513298 0.337028 -0.800329 -0.455824 -0.800329 -0.0602039 0.687438 -0.0602039
114 0.131861 0.42067 -0.667865 -0.974197 -0.667865 0.60292 0.349924 0.60292
115 0.0906048 0.799845 -0.995274 -0.672662 -0.995274 -0.0571681 -1.12126 -0.0571681
116 0.313304 0.78481 0.134488 -0.490859 0.134488 -0.547056 -1.02113 -0.547056
117 0.114616 0.0759905 -0.30738 -1.24668 -0.30738 0.377993 1.22367 0.377993
118 0.062527 0.289284 -0.446881 -1.17755 -0.446881 0.293446 0.10797 0.293446
119 0.93283 0.322567 0.198404 0.699957 0.198404 -0.369054 0.504942 -0.369054
120 0.433105 0.668876 -0.232926 -0.0527921 -0.232926 -0.0125686 -0.512262 -0.0125686
121 0.601048 0.619643 -0.304081 0.125125 -0.304081 0.882383 -0.527786 0.882383
122 0.0253303 0.493765 -0.501435 -1.08701 -0.501435 0.95982 0.291919 0.95982
123 0.96904 0.512403 -0.355883 0.363023 -0.355883 -1.12162 0.300381 -1.12162
124 0.0890954 0.790824 0.257756 -0.666604 0.257756 -0.0485659 -1.12554 -0.0485659
125 0.852682 0.486111 0.324828 0.228376 0.324828 -0.00880007 -0.102117 -0.00880007
126 0.851399 0.436943 -0.182832 0.284778 -0.182832 0.813294 0.106984 0.813294
127 0.916708 0.309282 0.315949 0.671409 0.315949 0.176913 0.555539 0.176913
128 0.45383 0.81596 0.360429 0.197965 0.360429 -0.17439 -0.798541 -0.17439
129 0.0412759 0.293284 -0.456615 -1.22757 -0.456615 0.253354 0.0851602 0.253354
130 0.952464 0.29989 0.184265 0.823826 0.184265 0.42512 0.508123 0.42512
131 0.458453 0.496503 -0.496201 -0.48423 -0.496201 0.0474601 0.101333 0.0474601
132 0.855475 0.801803 0.970174 0.564687 0.970174 -0.803285 -0.715329 -0.803285
133 0.961495 0.765539 -0.574158 0.67466 -0.574158 0.815255 -0.480382 0.815255
134 0.269383 0.520735 -0.0747381 -0.790924 -0.0747381 -0.0351505 0.416332 -0.0351505
135 0.534617 0.282378 -0.458075 -0.429026 -0.458075 -0.594094 0.941595 -0.594094
136 0.30894 0.551694 -1.81381 -0.696719 -1.81381 -0.823136 0.148198 -0.823136
137 0.719431 0.316406 0.129847 0.00144544 0.129847 0.516229 0.776329 0.516229
138 0.350278 0.215111 -1.11523 -0.609446 -1.11523 0.579134 0.781312 0.579134
139 0.792043 0.626535 0.310113 0.27982 0.310113 -1.65853 -0.653996 -1.65853
140 0.397248 0.993138 0.320722 -0.0580621 0.320722 0.929737 -0.877358 0.929737
141 0.464391 0.816446 0.014026 0.243572 0.014026 0.302093 -0.78218 0.302093
142 0.478066 0.0592294 0.263249 0.0192405 0.263249 0.234464 1.25338 0.234464
143 0.798587 0.98528 0.0802861 0.851027 0.0802861 0.122365 -0.592452 0.122365
144 1.91065e-07 0.668397 -1.03461 -0.677184 -1.03461 0.0197554 -0.690308 0.0197554
145 0.147815 0.421626 -0.525391 -0.947349 -0.525391 0.448185 0.372138 0.448185
146 0.914582 0.306687 0.0809968 0.668917 0.0809968 -0.399149 0.565218 -0.399149
147 0.661703 0.481026 -0.0411066 -0.0910003 -0.0411066 -0.493946 -0.273793 -0.493946
148 0.110861 0.803935 -0.619312 -0.684071 -0.619312 0.319228 -1.11908 0.319228
149 0.164647 0.629968 -0.946915 -0.852632 -0.946915 -0.164706 -0.357997 -0.164706
150 0.0254109 0.999907 -0.717271 -1.11026 -0.717271 -0.763905 -1.00882 -0.763905
151 0.680308 0.32528 0.368417 -0.0850835 0.368417 0.118244 0.718249 0.118244
152 0.298103 0.523008 -0.719687 -0.73324 -0.719687 0.923391 0.34165 0.923391
153 0.165302 0.403821 -0.763787 -0.91843 -0.763787 -0.244515 0.374418 -0.244515
154 0.364952 0.377612 -0.809859 -0.62264 -0.809859 0.570592 0.4829 0.570592
155 0.782284 0.974609 0.492524 0.861332 0.492524 -0.267298 -0.57625 -0.267298
156 0.662754 0.841791 -0.922646 0.492937 -0.922646 0.421982 -0.772249 0.421982
157 0.459561 0.496564 -0.736368 -0.482452 -0.736368 0.0969067 0.0984901 0.0969067
158 0.169982 0.427573 -0.618182 -0.91043 -0.618182 0.688886 0.40843 0.688886
159 0.371439 0.197816 -0.591789 -0.567305 -0.591789 0.105465 0.900216 0.105465
160 0.0904718 0.101808 -0.0852658 -1.26943 -0.0852658 0.0283856 0.991425 0.0283856
161 0.965431 0.947528 0.600139 0.548032 0.600139 -0.854032 -0.841073 -0.854032
162 0.340228 0.33649 0.303143 -0.643508 0.303143 -0.214888 0.509567 -0.214888
163 0.992172 0.760283 0.219614 0.722364 0.219614 -0.253835 -0.398364 -0.253835
164 0.803153 0.651376 -0.167078 0.322669 -0.167078 -0.181815 -0.663457 -0.181815
165 0.191843 0.433826 -0.469356 -0.87571 -0.469356 0.825103 0.444746 0.825103
166 0.778608 0.336348 -0.969894 0.166299 -0.969894 0.109236 0.603093 0.109236
167 0.351877 0.197284 -0.0389522 -0.600606 -0.0389522 0.322944 0.871813 0.322944
168 0.401036 0.979531 1.21771 -0.0577024 1.21771 0.208828 -0.87291 0.208828
169 0.362271 0.207825 -0.491256 -0.588838 -0.491256 0.424066 0.839673 0.424066
170 0.0203078 0.97683 -0.959306 -1.07807 -0.959306 -0.43787 -1.02065 -0.43787
171 0.977629 0.81359 -0.919522 0.65286 -0.919522 0.119483 -0.552998 0.119483
172 0.837166 0.178374 0.324828 0.622809 0.324828 -0.00880007 1.10866 -0.00880007
173 0.803808 0.985685 -0.668358 0.84139 -0.668358 0.780363 -0.602205 0.780363
174 0.334019 0.188763 -0.270441 -0.631259 -0.270441 0.4245 0.889744 0.4245
175 0.806327 0.810566 -0.68523 0.539736 -0.68523 0.0885535 -0.782593 0.0885535
176 0.986601 0.770625 -0.458421 0.703506 -0.458421 -0.253057 -0.436563 -0.253057
177 0.162921 0.422619 -0.456615 -0.922102 -0.456615 0.253354 0.393282 0.253354
178 0.454426 0.85006 -0.00119736 0.14626 -0.00119736 -0.26754 -0.79823 -0.26754
179 0.620557 0.463699 -0.989764 -0.180756 -0.989764 0.856263 -0.0849378 0.856263
180 0.728513 0.300547 -0.204227 0.0195609 -0.204227 0.265664 0.890985 0.265664
181 0.63894 0.992538 -0.171609 0.492818 -0.171609 -0.0673884 -0.596864 -0.0673884
182 0.814089 0.791151 0.133803 0.514391 0.133803 -0.572177 -0.788459 -0.572177
183 0.942995 0.286531 0.0573386 0.820066 0.0573386 0.689939 0.546469 0.689939
184 0.957452 0.344663 -1.37623 0.728289 -1.37623 0.951369 0.451537 0.951369
185 0.19919 0.249316 -0.852474 -0.82852 -0.852474 0.719816 0.242509 0.719816
186 0.0358471 0.497481 -0.641475 -1.07114 -0.641475 -0.147189 0.310254 -0.147189
187 0.361826 0.365017 -0.400717 -0.624978 -0.400717 -0.0547458 0.498153 -0.0547458
188 0.456148 0.631462 0.041299 -0.064556 0.041299 0.757298 -0.372241 0.757298
189 0.356143 0.364526 -0.344155 -0.63114 -0.344155 -0.498332 0.495747 -0.498332
190 0.978384 0.973736 -0.136169 0.50565 -0.136169 -0.240904 -0.916687 -0.240904
191 0.955552 0.315844 -0.365794 0.795063 -0.365794 0.701196 0.484478 0.701196
192 0.0219689 0.690717 -0.379863 -0.646686 -0.379863 0.080012 -0.808339 0.080012
193 0.0132346 0.962568 0.199868 -1.07061 0.199868 0.0136628 -1.02724 0.0136628
194 0.649477 0.845775 -0.472211 0.481031 -0.472211 0.119859 -0.763879 0.119859
195 0.611897 0.672276 -0.117634 0.272425 -0.117634 0.0550858 -0.665203 0.0550858
196 0.156352 0.415256 -0.842936 -0.933555 -0.842936 0.138049 0.375986 0.138049
197 0.577395 0.979063 0.210689 0.246453 0.210689 -0.807308 -0.668133 -0.807308
198 0.709313 0.312532 -0.48232 -0.022086 -0.48232 0.72941 0.803608 0.72941
199 0.175138 0.276471 -0.438519 -0.894954 -0.438519 0.296594 0.237927 0.296594
200 0.0159128 0.96473 0.108294 -1.06555 0.108294 -0.391516 -1.0266 -0.391516
201 0.81011 0.595596 -0.263918 0.269987 -0.263918 0.405545 -0.531981 0.405545
202 0.168617 0.430164 -0.166099 -0.912671 -0.166099 0.11992 0.409659 0.11992
203 0.186579 0.224797 -1.31744 -0.897362 -1.31744 0.475346 0.399749 0.475346
204 0.676915 0.134458 -0.90265 0.316278 -0.90265 0.811293 1.23001 0.811293
205 0.476013 0.500116 -0.063409 -0.454737 -0.063409 0.133955 0.0459798 0.133955
206 0.182876 0.65926 0.0172506 -0.853155 0.0172506 -0.221253 -0.538256 -0.221253
207 0.96449 0.967765 -0.143473 0.534969 -0.143473 -1.43473 -0.880639 -1.43473
208 0.205141 0.231151 -0.863663 -0.838992 -0.863663 0.17636 0.382327 0.17636
209 0.386103 0.188508 -0.452985 -0.532298 -0.452985 -0.190273 0.959991 -0.190273
210 0.112301 0.793907 0.0842214 -0.685519 0.0842214 -0.922495 -1.12344 -0.922495
211 0.805708 0.762915 -0.220266 0.458149 -0.220266 0.333023 -0.831753 0.333023
212 0.969181 0.504478 0.55895 0.352044 0.55895 0.63462 0.325376 0.63462
213 0.725794 0.328012 -0.934623 0.0176139 -0.934623 0.830532 0.692598 0.830532
214 0.384005 0.973227 0.0329384 -0.0589919 0.0329384 -0.291659 -0.896408 -0.291659
215 0.705786 0.301833 -0.176953 -0.0319776 -0.176953 0.720869 0.87784 0.720869
216 0.0225849 0.98412 -0.293117 -1.08588 -0.293117 -1.48796 -1.01705 -1.48796
217 0.98602 0.999801 0.621161 0.464809 0.621161 -0.114293 -0.99304 -0.114293
218 0.673742 0.305957 -0.320124 -0.104027 -0.320124 0.338534 0.845469 0.338534
219 0.145242 0.431762 -1.23574 -0.950206 -1.23574 0.608179 0.380549 0.608179
220 0.991123 0.543404 -0.39993 0.433724 -0.39993 0.725315 0.293198 0.725315
221 0.356772 0.211361 0.00929285 -0.598817 0.00929285 -0.209734 0.8126 -0.209734
222 0.160012 0.240057 0.231941 -0.948018 0.231941 -0.246918 0.25499 -0.246918
223 0.99685 0.507728 -0.43522 0.388826 -0.43522 0.800985 0.432895 0.800985
224 0.460129 0.498467 -0.612505 -0.48103 -0.612505 0.493155 0.0905949 0.493155
225 0.039371 0.999661 -0.916644 -1.03892 -0.916644 -0.413997 -1.01294 -0.413997
226 0.202566 0.270858 0.161699 -0.822822 0.161699 0.489862 0.26652 0.489862
227 0.522516 0.312002 -0.504832 -0.445127 -0.504832 -0.637263 0.800106 -0.637263
228 0.173738 0.41631 -0.761972 -0.903874 -0.761972 0.310925 0.400189 0.310925
229 0.485694 0.0370551 0.0999897 0.121632 0.0999897 0.173292 1.26032 0.173292
230 0.833031 0.450619 -0.270441 0.235788 -0.270441 0.4245 -0.00330631 0.4245
231 0.964683 0.972406 -0.0798974 0.531325 -0.0798974 -0.561628 -0.890308 -0.561628
232 0.625289 0.0908708 0.68788 0.340974 0.68788 1.16426 1.21965 1.16426
233 0.516754 0.0246295 0.5589 0.280187 0.5589 1.04703 1.22863 1.04703
234 0.83479 0.769502 -0.506216 0.5072 -0.506216 0.53602 -0.762175 0.53602
235 0.857352 0.45919 0.667299 0.268467 0.667299 -0.076292 0.0281649 -0.076292
236 0.184693 0.41867 -0.844433 -0.885473 -0.844433 0.386366 0.41744 0.386366
237 0.216484 0.924444 -0.75184 -0.368323 -0.75184 -0.712636 -1.08434 -0.712636
238 0.000634844 0.708191 -0.127546 -0.575548 -0.127546 0.0693425 -0.915858 0.0693425
239 0.607717 0.625728 0.669017 0.145726 0.669017 0.0225804 -0.553219 0.0225804
240 0.0405291 0.473836 -1.1808 -1.08454 -1.1808 -0.219063 0.289637 -0.219063
241 0.699657 0.320284 -0.143409 -0.042504 -0.143409 0.044203 0.750041 0.044203
242 0.509522 0.835651 0.279288 0.353922 0.279288 0.167105 -0.731418 0.167105
243 0.990656 0.549967 -0.177902 0.44263 -0.177902 0.0234292 0.270129 0.0234292
244 0.225034 0.956262 -0.343895 -0.239391 -0.343895 -0.30069 -1.07739 -0.30069
245 0.975573 0.543085 0.326119 0.414176 0.326119 0.650493 0.232066 0.650493
246 0.330924 0.54657 -0.395903 -0.645264 -0.395903 0.14737 0.141518 0.14737
247 0.958808 0.982265 -0.0900405 0.535652 -0.0900405 0.572594 -0.899068 0.572594
248 0.197348 0.23834 -1.21428 -0.849411 -1.21428 0.363018 0.319072 0.363018
249 0.462086 0.86084 -0.878695 0.153474 -0.878695 0.971756 -0.786956 0.971756
250 0.942867 0.94331 -0.135441 0.581372 -0.135441 0.119863 -0.806567 0.119863
251 0.391389 0.179981 -0.298415 -0.512286 -0.298415 0.734992 0.999172 0.734992
252 0.862086 0.179537 1.28514 0.70258 1.28514 0.275779 1.06026 0.275779
253 0.651184 0.834107 0.642393 0.477973 0.642393 -0.93886 -0.778586 -0.93886
254 0.0142984 0.648231 -0.543077 -0.739081 -0.543077 0.814999 -0.567293 0.814999
255 0.993317 0.801313 0.0442227 0.67686 0.0442227 -0.272429 -0.500798 -0.272429
256 0.375691 0.188505 -0.668358 -0.552079 -0.668358 0.780363 0.946234 0.780363
257 0.987272 0.983188 -0.653231 0.479617 -0.653231 -0.571925 -0.955183 -0.571925
258 0.656043 0.847883 -0.196901 0.489355 -0.196901 0.192111 -0.762733 0.192111
259 0.00461013 0.282539 -0.210059 -1.32952 -0.210059 0.337198 0.0257885 0.337198
260 0.203401 0.218627 -0.1179 -0.862031 -0.1179 -0.559366 0.470634 -0.559366
261 0.823659 0.811662 -0.0730879 0.553029 -0.0730879 0.347063 -0.757934 0.347063
262 0.746369 0.326768 0.551647 0.0636471 0.551647 -0.0594248 0.698469 -0.0594248
263 0.0152154 0.976797 -0.809859 -1.10051 -0.809859 0.570592 -1.01939 0.570592
264 0.0194332 0.486995 -0.973039 -1.1005 -0.973039 -0.18902 0.276341 -0.18902
265 0.914102 0.301714 -0.660652 0.677064 -0.660652 -0.0970835 0.577977 -0.0970835
266 0.200889 0.921595 -0.897319 -0.421608 -0.897319 0.899054 -1.08253 0.899054
267 0.767871 0.32398 -0.685473 0.132578 -0.685473 -0.500979 0.697717 -0.500979
268 0.0578738 0.296269 -0.451259 -1.18436 -0.451259 0.868343 0.109959 0.868343
269 0.926822 0.276981 0.329793 0.777513 0.329793 0.0569465 0.603626 0.0569465
270 0.28919 0.798164 -1.1056 -0.578765 -1.1056 -0.344836 -1.05703 -0.344836
271 0.593331 0.990066 0.340347 0.300637 0.340347 -0.241767 -0.645564 -0.241767
272 0.0796299 0.102268 -0.66145 -1.29164 -0.66145 0.280147 0.957318 0.280147
273 0.986518 0.748145 -0.102534 0.722304 -0.102534 -0.694113 -0.380638 -0.694113
274 0.788346 0.981956 -0.167111 0.864766 -0.167111 -0.543533 -0.576956 -0.543533
275 0.993197 0.750336 -0.51814 0.735254 -0.51814 -0.653105 -0.370509 -0.653105
276 0.18914 0.248725 -0.678614 -0.856976 -0.678614 0.536514 0.233795 0.536514
277 0.201865 0.264553 -0.800478 -0.823302 -0.800478 -0.459999 0.258176 -0.459999
278 0.025948 0.986624 -0.726208 -1.07621 -0.726208 -1.68893 -1.01651 -1.68893
279 0.917348 0.297184 -0.88661 0.698305 -0.88661 0.743934 0.582293 0.743934
280 0.613804 0.675405 -0.90265 0.280663 -0.90265 0.811293 -0.675008 0.811293
281 0.992155 0.977221 -0.0957137 0.476857 -0.0957137 0.632942 -0.949353 0.632942
282 0.829355 0.463821 0.209729 0.217369 0.209729 -0.157557 -0.0800156 -0.157557
283 0.65794 0.457645 -0.432841 -0.104262 -0.432841 0.100863 -0.117639 0.100863
284 0.573265 0.29105 -0.770872 -0.33725 -0.770872 -0.0643405 0.912156 -0.0643405
285 0.449461 0.535792 -0.25224 -0.387101 -0.25224 0.352262 -0.0196478 0.352262
286 0.65545 0.141922 -0.305731 0.234425 -0.305731 0.50017 1.21862 0.50017
287 0.29262 0.754767 -0.379863 -0.683789 -0.379863 0.080012 -1.05924 0.080012
288 0.816477 0.183732 -0.186707 0.539445 -0.186707 0.51007 1.13868 0.51007
289 0.973679 0.784987 -0.410479 0.674701 -0.410479 -1.39486 -0.495652 -1.39486
290 0.138717 0.41212 -0.743644 -0.964276 -0.743644 0.411756 0.34904 0.411756
291 0.0415197 0.684825 -0.635922 -0.682837 -0.635922 0.134356 -0.766048 0.134356
292 0.454387 0.507706 0.113211 -0.465304 0.113211 0.312537 0.0717933 0.312537
293 0.0136042 0.50546 0.215406 -1.08205 0.215406 -0.353288 0.251887 -0.353288
294 0.438673 0.975556 -0.083764 -0.054703 -0.083764 -0.583485 -0.821905 -0.583485
295 0.421206 0.99624 -0.901003 -0.070104 -0.901003 0.582298 -0.845211 0.582298
296 0.945543 0.282316 0.478157 0.84011 0.478157 -0.212606 0.546461 -0.212606
297 0.724194 0.313731 0.309727 0.0117856 0.309727 0.702249 0.795466 0.702249
298 0.653459 0.506296 -0.549397 -0.0897621 -0.549397 0.543085 -0.38826 0.543085
299 0.125483 0.0891738 -1.11523 -1.21048 -1.11523 0.579134 1.17374 0.579134
300 0.822948 0.615515 -0.415153 0.309751 -0.415153 0.155682 -0.526155 0.155682
301 0.995285 0.763273 0.936873 0.723324 0.936873 -0.229109 -0.398857 -0.229109
302 0.186543 0.648963 0.0772444 -0.858525 0.0772444 -0.250283 -0.468244 -0.250283
303 0.586425 0.990595 -0.111435 0.271082 -0.111435 0.0249635 -0.652165 0.0249635
304 0.619574 0.521662 -0.887434 -0.116688 -0.887434 0.0337959 -0.34323 0.0337959
305 0.901451 0.294726 -0.705296 0.642929 -0.705296 0.733856 0.621262 0.733856
306 0.447949 0.67556 -1.02129 0.0375477 -1.02129 -0.595814 -0.532395 -0.595814
307 0.669342 0.459379 -0.449707 -0.080032 -0.449707 -0.246862 -0.149671 -0.246862
308 0.395019 0.190963 0.0612049 -0.51841 0.0612049 -0.182925 0.96276 -0.182925
309 0.773569 0.977967 -0.251177 0.884536 -0.251177 -0.166204 -0.55557 -0.166204
310 0.190967 0.401835 -0.712457 -0.872415 -0.712457 -0.387543 0.405905 -0.387543
311 0.00319527 0.521655 -0.455609 -1.05247 -0.455609 0.0914109 0.146059 0.0914109
312 0.913405 0.320472 0.415685 0.637314 0.415685 -0.633925 0.53387 -0.633925
313 0.82016 0.440916 -0.415332 0.220343 -0.415332 0.27772 0.0128236 0.27772
314 0.846674 0.45714 -0.00995752 0.252862 -0.00995752 -0.201422 0.00503765 -0.201422
315 0.12906 0.118024 -0.283494 -1.17044 -0.283494 0.454109 0.998643 0.454109
316 0.463373 0.643978 -0.329733 0.00636438 -0.329733 -0.413482 -0.417471 -0.413482
317 0.319645 0.536613 -0.770071 -0.680013 -0.770071 0.791631 0.218201 0.791631
318 0.971832 0.519626 -0.533357 0.376487 -0.533357 0.475726 0.289778 0.475726
319 0.0209247 0.487948 -0.964451 -1.09774 -0.964451 0.150969 0.279419 0.150969
320 0.154512 0.40796 -0.450938 -0.937308 -0.450938 0.0576238 0.365033 0.0576238
321 0.586146 0.981622 0.084579 0.278677 0.084579 0.158873 -0.658439 0.158873
322 0.197739 0.21508 -0.594737 -0.881937 -0.594737 0.0642261 0.486986 0.0642261
323 0.977746 0.993772 -0.286691 0.48852 -0.286691 -0.154147 -0.960965 -0.154147
324 0.85924 0.180178 -0.161852 0.691745 -0.161852 0.00981971 1.06397 0.00981971
325 0.444577 0.645175 0.218933 -0.0699135 0.218933 -0.983 -0.420035 -0.983
326 0.831655 0.464327 0.974532 0.220619 0.974532 0.157823 -0.0752252 0.157823
327 0.20283 0.400183 -0.88661 -0.850765 -0.88661 0.743934 0.419584 0.743934
328 0.189672 0.920793 -1.9285 -0.455562 -1.9285 1.96288 -1.08092 1.96288
329 0.179921 0.649611 -0.730949 -0.853666 -0.730949 -0.6478 -0.476468 -0.6478
330 0.179148 0.414663 -0.650853 -0.894543 -0.650853 0.171056 0.405404 0.171056
331 0.316625 0.531845 0.903863 -0.689981 0.903863 -0.119966 0.25162 -0.119966
332 0.0379271 0.307571 -0.544405 -1.22417 -0.544405 0.0223201 0.0970916 0.0223201
333 0.761702 0.340334 0.249724 0.11107 0.249724 -0.0644524 0.588097 -0.0644524
334 0.485743 0.0575182 -0.759683 0.0590664 -0.759683 0.479115 1.23742 0.479115
335 0.855756 0.445845 0.337535 0.282312 0.337535 0.350929 0.0796167 0.350929
336 0.191961 0.429592 0.0573386 -0.874875 0.0573386 0.689939 0.439913 0.689939
337 0.162033 0.437146 -0.283139 -0.923056 -0.283139 -0.386015 0.409105 -0.386015
338 0.607939 0.983818 -0.947056 0.36524 -0.947056 1.15459 -0.636196 1.15459
339 0.999911 0.79905 0.24818 0.685076 0.24818 0.603122 -0.484451 0.603122
340 0.986184 0.801206 -0.614155 0.671143 -0.614155 0.110942 -0.511641 0.110942
341 0.0914348 0.0881214 -0.021264 -1.28066 -0.021264 0.377763 1.07681 0.377763
342 0.363361 0.235626 -1.49995 -0.604007 -1.49995 0.363246 0.714757 0.363246
343 0.394101 0.971333 -0.021264 -0.0577879 -0.021264 0.377763 -0.882752 0.377763
344 0.810273 0.625926 0.516182 0.304232 0.516182 0.177504 -0.590689 0.177504
345 0.178786 0.639151 -0.560636 -0.856232 -0.560636 0.502963 -0.408472 0.502963
346 0.634585 0.807545 1.30234 0.462175 1.30234 -0.00843761 -0.801852 -0.00843761
347 0.0269078 0.681226 -1.21609 -0.674002 -1.21609 -0.143393 -0.75129 -0.143393
348 0.84468 0.174287 -0.43522 0.657383 -0.43522 0.800985 1.10354 0.800985
349 0.162788 0.643053 0.735835 -0.844909 0.735835 0.867193 -0.444153 0.867193
350 0.0418801 0.322093 -0.886663 -1.2032 -0.886663 0.109316 0.11873 0.109316
351 0.0539478 0.298574 -0.743644 -1.19236 -0.743644 0.411756 0.107528 0.411756
352 0.444472 0.668884 -0.539264 0.000734455 -0.539264 -0.480477 -0.508828 -0.480477
353 0.0622317 0.297723 -0.996264 -1.17267 -0.996264 0.341855 0.117241 0.341855
354 0.387984 0.205492 -0.676992 -0.54742 -0.676992 -0.552375 0.896722 -0.552375
355 0.297944 0.522304 -0.0433877 -0.733776 -0.0433877 -0.490455 0.3463 -0.490455
356 0.82396 0.786117 0.633419 0.516803 0.633419 -0.540687 -0.774534 -0.540687
357 0.49049 0.0255416 -0.389253 0.181812 -0.389253 0.132475 1.25742 0.132475
358 0.998645 0.740402 0.107215 0.730342 0.107215 -1.00226 -0.324291 -1.00226
359 0.00800175 0.98048 -0.877812 -1.14297 -0.877812 0.112871 -1.01539 0.112871
360 0.992001 0.550942 0.275535 0.445708 0.275535 -0.0522278 0.272284 -0.0522278
361 0.975392 0.718044 -0.174664 0.661911 -0.174664 0.14605 -0.314988 0.14605
362 0.499736 0.847489 -0.353694 0.311071 -0.353694 0.0834341 -0.729632 0.0834341
363 0.313901 0.806431 -0.364065 -0.439558 -0.364065 -0.0939675 -1.01695 -0.0939675
364 0.0385404 0.987071 -1.37427 -1.01792 -1.37427 -0.921825 -1.0196 -0.921825
365 0.806209 0.645141 -0.38389 0.320062 -0.38389 0.657956 -0.641572 0.657956
366 0.797481 0.821912 0.241115 0.5545 0.241115 0.238384 -0.781521 0.238384
367 0.850556 0.804549 1.26119 0.563509 1.26119 -0.432176 -0.722503 -0.432176
368 0.273612 0.768825 -0.0303014 -0.752419 -0.0303014 -0.399606 -1.08732 -0.399606
369 0.399424 0.199029 -0.0747381 -0.520995 -0.0747381 -0.0351505 0.940268 -0.0351505
370 0.427712 0.636678 -0.0276419 -0.164813 -0.0276419 -1.20368 -0.38449 -1.20368
371 0.0547317 0.303135 0.0318984 -1.18719 0.0318984 -0.121848 0.113746 -0.121848
372 0.387306 0.978375 -0.946749 -0.0573755 -0.946749 -0.356614 -0.89159 -0.356614
373 0.684835 0.175776 0.0329384 0.183884 0.0329384 -0.291659 1.22898 -0.291659
374 0.0229301 0.482326 -0.535176 -1.10037 -0.535176 2.39791 0.275735 2.39791
375 0.187827 0.422604 0.0235648 -0.880681 0.0235648 -0.279674 0.426214 -0.279674
376 0.647267 0.441206 -0.329688 -0.130657 -0.329688 -0.0114653 0.00376133 -0.0114653
377 0.836545 0.170546 1.26558 0.640435 1.26558 -0.150177 1.12478 -0.150177
378 0.278476 0.780318 0.530249 -0.688084 0.530249 -1.63262 -1.0773 -1.63262
379 0.0401065 0.307061 -1.27366 -1.21938 -1.27366 -0.180164 0.0993284 -0.180164
380 0.364258 0.213358 0.0566149 -0.589283 0.0566149 0.160989 0.818256 0.160989
381 0.621043 0.777922 -0.230029 0.46515 -0.230029 0.127994 -0.822915 0.127994
382 0.049297 0.332121 -0.902399 -1.17867 -0.902399 0.536944 0.139777 0.536944
383 0.838028 0.476143 -0.254402 0.218955 -0.254402 0.357141 -0.111265 0.357141
384 0.933497 0.316872 0.125281 0.715012 0.125281 0.289998 0.514344 0.289998
385 0.972265 0.959807 -0.576349 0.528243 -0.576349 -1.02188 -0.876008 -1.02188
386 0.212661 0.409353 -0.200199 -0.835625 -0.200199 -0.31228 0.443384 -0.31228
387 0.836783 0.480408 -0.488694 0.212904 -0.488694 0.388071 -0.136207 0.388071
388 0.516915 0.273096 0.284597 -0.473464 0.284597 0.324729 0.976292 0.324729
389 0.67322 0.5058 0.285762 -0.0518815 0.285762 -0.19048 -0.433388 -0.19048
390 0.782458 0.982533 -0.0132337 0.877315 -0.0132337 0.0424778 -0.565009 0.0424778
391 0.788285 0.641314 1.49053 0.290648 1.49053 -0.810515 -0.693403 -0.810515
392 0.949987 0.984073 0.02767 0.551828 0.02767 -0.688777 -0.885516 -0.688777
393 0.932956 0.305981 -0.269989 0.737437 -0.269989 0.388307 0.534836 0.388307
394 0.651388 0.142567 -0.690951 0.221786 -0.690951 -0.230988 1.21652 -0.230988
395 0.00527071 0.480223 0.257381 -1.12524 0.257381 -0.177539 0.249719 -0.177539
396 0.0350646 0.972294 -1.05996 -1.00325 -1.05996 -0.636219 -1.02686 -0.636219
397 0.82699 0.4835 -0.437379 0.196483 -0.437379 0.436231 -0.188172 0.436231
398 0.652782 0.850672 0.276965 0.4869 0.276965 -0.282496 -0.758575 -0.282496
399 0.670952 0.169092 -0.584687 0.174067 -0.584687 0.618754 1.22182 0.618754
400 0.447056 0.650929 0.00752526 -0.0417971 0.00752526 -0.212315 -0.441548 -0.212315
401 0.962394 0.99022 0.427982 0.523313 0.427982 -0.121129 -0.921544 -0.121129
402 0.499189 0.859126 0.132987 0.276427 0.132987 0.0648143 -0.73129 0.0648143
403 0.0135856 0.0768947 -0.127996 -1.44536 -0.127996 -0.0732862 0.897951 -0.0732862
404 0.184045 0.944561 0.19369 -0.421554 0.19369 -0.090199 -1.07222 -0.090199
405 0.535717 0.307945 -0.463849 -0.416779 -0.463849 0.387047 0.819985 0.387047
406 0.356842 0.202382 -0.341516 -0.594464 -0.341516 0.402112 0.855388 0.402112
407 0.697173 0.327913 -0.627922 -0.0466653 -0.627922 -1.13306 0.698035 -1.13306
408 0.0185211 0.998691 -1.16484 -1.14211 -1.16484 0.190735 -1.00755 0.190735
409 0.208137 0.235061 -0.0692262 -0.825171 -0.0692262 -0.0389729 0.358192 -0.0389729
410 0.304483 0.512662 -0.39993 -0.72472 -0.39993 0.725315 0.390796 0.725315
411 0.984017 0.924601 0.425339 0.545006 0.425339 -0.279095 -0.809263 -0.279095
412 0.481638 0.0533581 0.209623 0.0528629 0.209623 0.449502 1.25228 0.449502
413 0.189424 0.411364 -0.305731 -0.876487 -0.305731 0.50017 0.415092 0.50017
414 0.114839 0.115038 -0.279136 -1.20437 -0.279136 0.131453 0.978764 0.131453
415 0.971163 0.977143 0.374689 0.515914 0.374689 0.124352 -0.911486 0.124352
416 0.0320788 0.519905 -0.0730879 -1.03023 -0.0730879 0.347063 0.191948 0.347063
417 0.662885 0.802288 1.34207 0.466414 1.34207 -0.856956 -0.824706 -0.856956
418 0.647547 0.175849 -9.96279e-06 0.0914145 -9.96279e-06 1.04894 1.2069 1.04894
419 0.464037 0.815982 0.130336 0.242878 0.130336 0.364682 -0.782715 0.364682
420 0.0305262 0.991228 -0.766148 -1.06496 -0.766148 -0.105215 -1.01514 -0.105215
421 0.0257258 0.482194 -1.42951 -1.09689 -1.42951 0.702327 0.279328 0.702327
422 0.174664 0.42935 -0.280969 -0.902867 -0.280969 0.488036 0.416715 0.488036
423 0.0971022 0.796285 -0.556647 -0.675126 -0.556647 -0.0696499 -1.12277 -0.0696499
424 0.378501 0.163027 1.8834 -0.523562 1.8834 -1.94042 1.05541 -1.94042
425 0.468525 0.828633 -1.16406 0.237638 -1.16406 0.250648 -0.776196 0.250648
426 0.809649 0.830452 -0.402776 0.574667 -0.402776 0.184731 -0.759341 0.184731
427 0.186749 0.221024 -0.412272 -0.902173 -0.412272 0.23341 0.426708 0.23341
428 0.75349 0.955912 0.204246 0.866983 0.204246 0.187327 -0.56353 0.187327
429 0.0421472 0.289739 -0.400172 -1.22822 -0.400172 -0.384351 0.0822476 -0.384351
430 0.610089 0.660596 -0.445974 0.240988 -0.445974 -0.269563 -0.636138 -0.269563
431 0.374066 0.365576 0.196989 -0.611607 0.196989 0.414192 0.503685 0.414192
432 0.793758 0.636643 -0.207191 0.293225 -0.207191 -0.17853 -0.666737 -0.17853
433 0.946331 0.34903 0.320443 0.682709 0.320443 -0.728704 0.451445 -0.728704
434 0.79782 0.995324 0.52827 0.87086 0.52827 -1.03283 -0.579264 -1.03283
435 0.118937 0.0777794 -1.33348 -1.23621 -1.33348 0.542705 1.22606 0.542705
436 0.203595 0.189404 -0.345728 -0.904483 -0.345728 0.0558932 0.68309 0.0558932
437 0.101186 0.788015 -0.295082 -0.675927 -0.295082 0.354625 -1.12642 0.354625
438 0.338627 0.375313 -0.39993 -0.652282 -0.39993 0.725315 0.478205 0.725315
439 0.157386 0.423092 -0.762609 -0.931277 -0.762609 0.173615 0.386511 0.173615
440 0.335932 0.783997 0.105799 -0.373357 0.105799 0.621461 -0.985306 0.621461
441 0.469087 0.488718 -0.821879 -0.469705 -0.821879 -0.732031 0.104371 -0.732031
442 0.188895 0.629301 0.674417 -0.864016 0.674417 0.439411 -0.336742 0.439411
443 0.475165 0.501378 -0.411985 -0.451599 -0.411985 -0.517844 0.0439623 -0.517844
444 0.835081 0.485947 0.0960409 0.205135 0.0960409 -0.719974 -0.169425 -0.719974
445 0.18395 0.270808 -0.395903 -0.871598 -0.395903 0.14737 0.242583 0.14737
446 0.344037 0.190733 -0.134976 -0.612702 -0.134976 -0.523887 0.892992 -0.523887
447 0.542453 0.272871 -0.372955 -0.414545 -0.372955 -0.420204 0.991072 -0.420204
448 0.18008 0.979404 -0.505686 -0.36608 -0.505686 -0.132723 -1.05983 -0.132723
449 0.490867 0.0465806 -0.131004 0.117018 -0.131004 0.708612 1.23583 0.708612
450 0.189992 0.220597 -0.173752 -0.89427 -0.173752 0.611534 0.434909 0.611534
451 0.809703 0.971662 -0.49345 0.806647 -0.49345 0.525749 -0.626891 0.525749
452 0.477427 0.0540667 -0.508086 0.031345 -0.508086 0.0273008 1.26182 0.0273008
453 0.856083 0.455805 -0.0171187 0.270544 -0.0171187 -1.32282 0.0385618 -1.32282
454 0.488946 0.860079 -0.203521 0.240926 -0.203521 0.851763 -0.7467 0.851763
455 0.129075 0.096067 -0.973724 -1.19536 -0.973724 0.788905 1.14021 0.788905
456 0.186163 0.23357 -1.17026 -0.886247 -1.17026 0.489387 0.337084 0.489387
457 0.447655 0.660327 0.203453 -0.0104423 0.203453 -0.802654 -0.476253 -0.802654
458 0.401517 0.985842 0.523766 -0.0586986 0.523766 0.0836716 -0.871973 0.0836716
459 0.986785 0.98617 0.522713 0.477435 0.522713 -1.044 -0.961522 -1.044
460 0.99349 0.752915 -0.590585 0.73275 -0.590585 0.567447 -0.376383 0.567447
461 0.717756 0.313414 -0.254402 -0.00282977 -0.254402 0.357141 0.797609 0.357141
462 0.593248 0.999639 0.301763 0.292392 0.301763 -0.364552 -0.638672 -0.364552
463 0.310789 0.508432 -0.973724 -0.715437 -0.973724 0.788905 0.401709 0.788905
464 0.599895 0.665145 -0.0554649 0.25268 -0.0554649 -0.576825 -0.631137 -0.576825
465 0.35809 0.351287 -1.1209 -0.627531 -1.1209 0.774864 0.51253 0.774864
466 0.449334 0.511174 -0.0020136 -0.46341 -0.0020136 0.369451 0.0708394 0.369451
467 0.0423598 0.451316 -0.743644 -1.0999 -0.743644 0.411756 0.266449 0.411756
468 0.66586 0.495017 -0.653725 -0.0792649 -0.653725 -0.857059 -0.372698 -0.857059
469 0.64469 0.826111 -1.78467 0.47021 -1.78467 -1.79163 -0.785786 -1.79163
470 0.821566 0.97883 -0.913838 0.796094 -0.913838 0.267837 -0.641839 0.267837
471 0.216437 0.959935 2.13367 -0.261348 2.13367 -0.561205 -1.07449 -0.561205
472 0.656857 0.982778 -0.59044 0.563798 -0.59044 1.2559 -0.590887 1.2559
473 0.359107 0.357456 -0.880933 -0.627136 -0.880933 0.548204 0.505895 0.548204
474 0.127216 0.101646 0.014026 -1.1929 0.014026 0.302093 1.09887 0.302093
475 0.96944 0.98571 -0.624683 0.512378 -0.624683 0.174478 -0.926442 0.174478
476 0.335883 0.768845 -0.127475 -0.398314 -0.127475 0.092322 -0.987258 0.092322
477 0.665732 0.184907 -0.501435 0.103248 -0.501435 0.95982 1.21608 0.95982
478 0.155312 0.640383 -0.549397 -0.841857 -0.549397 0.543085 -0.431636 0.543085
479 0.633764 0.67387 -0.42964 0.27562 -0.42964 -0.892164 -0.700594 -0.892164
480 0.0155955 0.503423 -0.419135 -1.08469 -0.419135 0.712734 0.266222 0.712734
481 0.323133 0.346086 0.121706 -0.662724 0.121706 -0.0897969 0.485867 -0.0897969
482 0.824782 0.811083 -0.27886 0.552951 -0.27886 -1.44896 -0.756784 -1.44896
483 0.415514 0.192299 0.339955 -0.482695 0.339955 0.0820136 0.987147 0.0820136
484 0.0068529 0.984107 -0.885145 -1.15868 -0.885145 0.201985 -1.01294 0.201985
485 0.319741 0.357368 -0.493544 -0.669088 -0.493544 0.255877 0.478799 0.255877
486 0.41468 0.653317 -0.611302 -0.17765 -0.611302 0.810941 -0.452028 0.810941
487 0.449889 0.0580265 -0.254402 -0.104826 -0.254402 0.357141 1.32149 0.357141
488 0.398284 0.98591 -0.402404 -0.0580083 -0.402404 -0.367038 -0.876327 -0.367038
489 0.0824277 0.838137 -0.600647 -0.697255 -0.600647 0.288907 -1.10298 0.288907
490 0.999237 0.76736 0.519619 0.723774 0.519619 -0.310278 -0.400772 -0.310278
491 0.968938 0.767325 0.6882 0.683401 0.6882 -0.876846 -0.467466 -0.876846
492 0.674574 0.191005 -0.0394977 0.102563 -0.0394977 0.666482 1.22069 0.666482
493 0.993128 0.484221 1.42089 0.420786 1.42089 0.509858 0.441182 0.509858
494 0.0415958 0.329868 -0.455149 -1.19767 -0.455149 -0.288595 0.12721 -0.288595
495 0.046639 0.477158 -0.88661 -1.07382 -0.88661 0.743934 0.301589 0.743934
496 0.10374 0.781655 -0.220266 -0.677203 -0.220266 0.333023 -1.12918 0.333023
497 0.398053 0.199934 -0.385364 -0.524489 -0.385364 -0.579961 0.934802 -0.579961
498 0.45473 0.811562 -0.27117 0.208971 -0.27117 0.103912 -0.797066 0.103912
499 0.393864 0.196506 -0.501435 -0.527303 -0.501435 0.95982 0.940617 0.95982
500 0.801767 0.623745 -0.445415 0.290118 -0.445415 -0.248503 -0.615577 -0.248503
501 0.31417 0.776637 -0.0530213 -0.504462 -0.0530213 -0.298239 -1.02098 -0.298239
502 0.298928 0.368679 -0.280969 -0.695059 -0.280969 0.488036 0.465717 0.488036
503 0.954181 0.316905 0.116029 0.787569 0.116029 0.105934 0.48523 0.105934
504 0.811396 0.609556 0.0284999 0.287378 0.0284999 -1.13207 -0.554723 -1.13207
505 0.182166 0.974518 -0.710618 -0.366721 -0.710618 -0.7168 -1.06197 -0.7168
506 0.315449 0.529149 -1.02518 -0.694246 -1.02518 -0.345205 0.269672 -0.345205
507 0.806931 0.626632 0.591694 0.300424 0.591694 -0.000718572 -0.603453 -0.000718572
508 0.604202 0.638628 -0.765083 0.179556 -0.765083 -0.651146 -0.576799 -0.651146
509 0.956624 0.547031 -0.529654 0.396379 -0.529654 0.35733 0.14452 0.35733
510 0.495713 0.0302624 0.334282 0.193438 0.334282 0.142362 1.23638 0.142362
511 0.317707 0.538001 -0.19402 -0.683496 -0.19402 0.269839 0.213723 0.269839
512 0.00969048 0.485959 -0.0455529 -1.11378 -0.0455529 0.0186597 0.262114 0.0186597
513 0.718519 0.341054 -0.123479 0.00340821 -0.123479 1.13378 0.601054 1.13378
514 0.979304 0.561946 0.623712 0.445617 0.623712 -0.417506 0.187564 -0.417506
515 0.398009 0.187964 -0.170458 -0.50897 -0.170458 0.836022 0.977683 0.836022
516 0.975147 0.751305 1.03903 0.705668 1.03903 1.73271 -0.418288 1.73271
517 0.837995 0.775761 -0.472247 0.518958 -0.472247 -0.693911 -0.752749 -0.693911
518 0.356618 0.215095 0.0315309 -0.60079 0.0315309 -0.307214 0.794536 -0.307214
519 0.222895 0.965108 -0.541431 -0.219299 -0.541431 0.515544 -1.07455 0.515544
520 0.517075 0.285558 -0.120556 -0.468083 -0.120556 0.104056 0.919848 0.104056
521 0.661138 0.292814 1.63701 -0.135696 1.63701 -0.52444 0.927835 -0.52444
522 0.442829 0.679467 0.180949 0.0244212 0.180949 0.48155 -0.549254 0.48155
523 0.997037 0.512419 0.0674348 0.395873 0.0674348 -0.263701 0.418325 -0.263701
524 0.783968 0.973088 -0.566315 0.855178 -0.566315 0.347522 -0.581361 0.347522
525 0.346877 0.190438 0.13033 -0.607352 0.13033 -0.143602 0.898414 -0.143602
526 0.833535 0.805589 1.2752 0.551769 1.2752 -0.515022 -0.747446 -0.515022
527 0.44498 0.687304 -0.238595 0.0585343 -0.238595 0.232192 -0.577514 0.232192
528 0.865481 0.203232 -0.588382 0.664567 -0.588382 0.0836751 0.992692 0.0836751
529 0.317147 0.356457 -0.353694 -0.67161 -0.353694 0.0834341 0.477268 0.0834341
530 0.185756 0.41859 -0.276942 -0.883669 -0.276942 -0.0899081 0.418751 -0.0899081
531 0.443923 0.66999 -0.885196 0.00145532 -0.885196 0.457348 -0.513148 0.457348
532 0.038455 0.487084 -0.439428 -1.07652 -0.439428 0.319384 0.301932 0.319384
533 0.126769 0.420477 -0.144672 -0.982777 -0.144672 0.0820982 0.342966 0.0820982
534 0.983756 0.574276 -0.649445 0.468891 -0.649445 0.186612 0.165538 0.186612
535 0.624149 0.64953 -0.938903 0.214582 -0.938903 -0.213139 -0.633347 -0.213139
536 0.0750757 0.106999 -0.0197114 -1.29693 -0.0197114 -0.737442 0.916445 -0.737442
537 0.634044 0.988997 0.48746 0.47178 0.48746 -0.316762 -0.60572 -0.316762
538 0.176574 0.641423 -0.0645313 -0.854153 -0.0645313 -0.0309756 -0.424796 -0.0309756
539 0.452429 0.512075 -0.687746 -0.454982 -0.687746 0.103656 0.0605571 0.103656
540 0.0179321 0.517118 -0.057665 -1.04985 -0.057665 0.142636 0.190409 0.142636
541 0.838812 0.209561 -0.0747381 0.550915 -0.0747381 -0.0351505 1.04434 -0.0351505
542 0.672756 0.183523 1.23556 0.125582 1.23556 0.140813 1.22066 0.140813
543 0.0681943 0.495717 -1.33284 -1.03373 -1.33284 -0.414327 0.351672 -0.414327
544 0.281859 0.791739 -0.379438 -0.634513 -0.379438 1.20734 -1.06976 1.20734
545 0.66195 0.524704 -0.824145 -0.0349192 -0.824145 -0.673817 -0.4447 -0.673817
546 0.81722 0.999113 0.431252 0.835274 0.431252 -0.665367 -0.617789 -0.665367
547 0.108168 0.821558 0.0340926 -0.683508 0.0340926 -0.34321 -1.11133 -0.34321
548 0.471365 0.00986198 -0.344077 0.126301 -0.344077 0.438107 1.3439 0.438107
549 0.0242915 0.971516 0.064613 -1.04767 0.064613 -1.74199 -1.02468 -1.74199
550 0.0208144 0.506188 -0.960729 -1.07239 -0.960729 -0.312692 0.257175 -0.312692
551 0.981266 0.316421 -0.896973 0.884067 -0.896973 0.615562 0.447332 0.615562
552 0.0500195 0.28224 -0.596238 -1.2141 -0.596238 -0.708306 0.0838331 -0.708306
553 0.972307 0.54855 0.0816572 0.417882 0.0816572 0.207843 0.202066 0.207843
554 0.58319 0.301389 -0.395903 -0.311185 -0.395903 0.14737 0.859559 0.14737
555 0.0263341 0.990192 -0.632131 -1.08277 -0.632131 -0.557296 -1.01459 -0.557296
556 0.673193 0.301366 0.294377 -0.106269 0.294377 -0.744155 0.875398 -0.744155
557 0.607778 0.0993201 1.80818 0.26495 1.80818 0.774403 1.21104 0.774403
558 0.335139 0.338045 -0.566634 -0.648842 -0.566634 0.620831 0.502645 0.620831
559 0.643544 0.630656 0.394019 0.176016 0.394019 0.669217 -0.624641 0.669217
560 0.458474 0.0216296 -0.721921 0.0257723 -0.721921 -0.12693 1.36972 -0.12693
561 0.821753 0.78114 -0.0878463 0.507227 -0.0878463 2.02659 -0.782133 2.02659
562 0.411093 0.967027 -0.196258 -0.0529497 -0.196258 -0.928521 -0.859703 -0.928521
563 0.0725792 0.302756 -0.466039 -1.14429 -0.466039 0.768673 0.136356 0.768673
564 0.324315 0.34736 -0.0934931 -0.661819 -0.0934931 0.087961 0.486411 0.087961
565 0.60287 0.639164 -0.289079 0.180547 -0.289079 -0.0706138 -0.575848 -0.0706138
566 0.380993 0.345592 -0.597805 -0.603496 -0.597805 0.637143 0.541076 0.637143
567 0.984031 0.585375 -0.903254 0.485145 -0.903254 -0.480387 0.131239 -0.480387
568 0.0256975 0.280401 -0.0645313 -1.27773 -0.0645313 -0.0309756 0.0504777 -0.0309756
569 0.0115749 0.677398 -0.415969 -0.666281 -0.415969 0.792673 -0.736075 0.792673
570 0.980497 0.799609 -0.707538 0.668011 -0.707538 -0.300905 -0.516803 -0.300905
571 0.508194 0.854651 -0.103999 0.302288 -0.103999 -0.152164 -0.731031 -0.152164
572 0.674037 0.130518 -2.36218 0.323419 -2.36218 2.4027 1.22927 2.4027
573 0.311384 0.543721 -0.541431 -0.694887 -0.541431 0.515544 0.191457 0.515544
574 0.656719 0.841339 -0.471581 0.48658 -0.471581 0.394944 -0.771215 0.394944
575 0.808988 0.487811 -0.573482 0.169206 -0.573482 0.289085 -0.280832 0.289085
576 0.95587 0.991662 -0.0347452 0.535885 -0.0347452 -0.832027 -0.910877 -0.832027
577 0.42252 0.189099 -0.591208 -0.46417 -0.591208 -0.456632 1.00643 -0.456632
578 0.994053 0.985853 -0.717691 0.463314 -0.717691 -0.812219 -0.974997 -0.812219
579 0.4238 0.990529 -0.489285 -0.0670524 -0.489285 -0.264476 -0.841854 -0.264476
580 0.000851564 0.298354 -0.381556 -1.32244 -0.381556 -0.557437 0.0387846 -0.557437
581 0.332627 0.369513 -0.488694 -0.657877 -0.488694 0.388071 0.480076 0.388071
582 0.00484642 0.51134 -0.377769 -1.07694 -0.377769 -0.62232 0.206867 -0.62232
583 0.217144 0.196681 -0.0277283 -0.859739 -0.0277283 -0.206567 0.655462 -0.206567
584 0.153603 0.625129 -0.926653 -0.850604 -0.926653 -0.18815 -0.334501 -0.18815
585 0.0421505 0.514373 -0.395903 -1.03224 -0.395903 0.14737 0.237028 0.14737
586 0.0450041 0.519665 0.74831 -1.01877 0.74831 0.0831172 0.209445 0.0831172
587 0.0630055 0.286582 -0.90265 -1.17813 -0.90265 0.811293 0.105496 0.811293
588 0.194339 0.237346 0.392692 -0.858955 0.392692 -0.0454588 0.321965 -0.0454588
589 0.0693508 0.309171 -0.35911 -1.14812 -0.35911 -0.266201 0.139536 -0.266201
590 0.20706 0.208804 -0.376982 -0.867069 -0.376982 0.15774 0.548247 0.15774
591 0.999312 0.57224 -0.42789 0.485879 -0.42789 0.100662 0.230993 0.100662
592 0.521125 0.294104 -0.663835 -0.455388 -0.663835 0.636184 0.882165 0.636184
593 0.797541 0.688164 0.19534 0.355133 0.19534 0.292015 -0.750209 0.292015
594 0.811776 0.620641 0.261942 0.300356 0.261942 -0.320324 -0.575173 -0.320324
595 0.685791 0.125486 -0.0256105 0.372039 -0.0256105 -0.333762 1.23506 -0.333762
596 0.215892 0.430713 -0.755472 -0.836471 -0.755472 0.825333 0.472947 0.825333
597 0.195582 0.243981 -0.363961 -0.846089 -0.363961 0.344613 0.276138 0.344613
598 0.459518 0.510829 -0.934659 -0.446123 -0.934659 -0.0886039 0.0489214 -0.0886039
599 0.81594 0.190745 -0.969057 0.517836 -0.969057 -0.746072 1.12966 -0.746072
600 0.988794 0.791377 0.0875667 0.683899 0.0875667 0.0697037 -0.483242 0.0697037
601 0.328094 0.545432 0.0642013 -0.653202 0.0642013 0.210616 0.152735 0.210616
602 0.0114828 0.32016 -0.349755 -1.27493 -0.349755 0.633837 0.0771412 0.633837
603 0.329237 0.538731 -0.953263 -0.656316 -0.953263 0.694425 0.188484 0.694425
604 0.706014 0.311769 0.0819582 -0.0296881 0.0819582 0.714224 0.808803 0.714224
605 0.418111 0.976404 0.0557027 -0.0565476 0.0557027 -1.36162 -0.849849 -1.36162
606 0.983275 0.962653 -0.525391 0.50787 -0.525391 0.448185 -0.898872 0.448185
607 0.124162 0.424659 -1.11456 -0.985998 -1.11456 0.197067 0.34437 0.197067
608 0.195945 0.905645 -0.29134 -0.474686 -0.29134 0.310634 -1.08663 0.310634
609 0.0853401 0.2919 -1.09228 -1.11906 -1.09228 0.0115594 0.140351 0.0115594
610 0.452778 0.0425678 -0.395903 -0.054559 -0.395903 0.14737 1.34625 0.14737
611 0.111767 0.801784 -0.527505 -0.684621 -0.527505 -0.494571 -1.12001 -0.494571
612 0.664797 0.520712 -0.292991 -0.0380908 -0.292991 -0.0715792 -0.443179 -0.0715792
613 0.338413 0.340391 -0.938583 -0.646026 -0.938583 0.602842 0.504529 0.602842
614 0.0777957 0.110058 -0.883572 -1.28842 -0.883572 -0.35224 0.906164 -0.35224
615 0.654214 0.138173 0.145659 0.244928 0.145659 0.55722 1.21882 0.55722
616 0.367351 0.199287 -0.771511 -0.575313 -0.771511 0.892692 0.887188 0.892692
617 0.178179 0.206871 0.610944 -0.943837 0.610944 -0.00903004 0.511861 -0.00903004
618 0.45824 0.817407 -0.244269 0.21493 -0.244269 -0.66642 -0.791736 -0.66642
619 0.781576 0.976642 0.511897 0.866828 0.511897 -0.560761 -0.572017 -0.560761
620 0.634166 0.47388 -0.162765 -0.14971 -0.162765 0.167992 -0.172232 0.167992
621 0.480297 0.0308865 -1.02294 0.113177 -1.02294 0.591868 1.28406 0.591868
622 0.0561742 0.296897 -0.379863 -1.1881 -0.379863 0.080012 0.108485 0.080012
623 0.0304005 0.635668 -0.574167 -0.777824 -0.574167 1.09007 -0.484405 1.09007
624 0.00796158 0.682939 0.266867 -0.648719 0.266867 0.27821 -0.769382 0.27821
625 0.297402 0.542413 0.0131935 -0.728921 0.0131935 -0.457075 0.223816 -0.457075
626 0.658171 0.178019 0.764514 0.109781 0.764514 1.5097 1.21276 1.5097
627 0.990434 0.968824 1.6345 0.489336 1.6345 2.46335 -0.925212 2.46335
628 0.320449 0.530724 -0.379863 -0.68242 -0.379863 0.080012 0.250693 0.080012
629 0.587517 0.994719 -0.382425 0.271775 -0.382425 0.116007 -0.648258 0.116007
630 0.672545 0.146253 -0.525277 0.261854 -0.525277 1.01938 1.22621 1.01938
631 0.933962 0.28107 0.641534 0.797078 0.641534 0.389744 0.577432 0.389744
632 0.416159 0.202919 -0.587986 -0.499234 -0.587986 0.114364 0.955399 0.114364
633 0.21919 0.977074 -0.491256 -0.197423 -0.491256 0.424066 -1.07042 0.424066
634 0.189175 0.226429 -0.451142 -0.888215 -0.451142 0.513816 0.392184 0.513816
635 0.107841 0.121492 -0.709141 -1.21268 -0.709141 0.573004 0.919414 0.573004
636 0.0308128 0.527128 -0.293489 -1.01559 -0.293489 0.511103 0.14829 0.511103
637 0.317273 0.371915 -0.0674011 -0.675583 -0.0674011 -0.7725 0.472882 -0.7725
638 0.461349 0.487304 -1.14749 -0.482173 -1.14749 -0.812745 0.126332 -0.812745
639 0.984782 0.787879 -0.583882 0.683581 -0.583882 -0.530186 -0.481853 -0.530186
640 0.605767 0.445605 -0.650853 -0.216955 -0.650853 0.171056 0.0457726 0.171056
641 0.0126701 0.275863 -0.872376 -1.31552 -0.872376 0.170165 0.0286048 0.170165
642 0.382757 0.98904 -0.46628 -0.0535298 -0.46628 0.662052 -0.897039 0.662052
643 0.481701 0.0506683 0.121748 0.0611927 0.121748 0.0246926 1.25542 0.0246926
644 0.483775 0.0479424 -0.63095 0.0791499 -0.63095 0.184542 1.25327 0.184542
645 0.819284 0.420034 0.124748 0.234697 0.124748 -0.307898 0.122483 -0.307898
646 0.022867 0.993894 -0.360702 -1.10847 -0.360702 -0.422679 -1.01153 -0.422679
647 0.642515 0.663845 0.633419 0.252075 0.633419 -0.540687 -0.692348 -0.540687
648 0.0197877 0.989824 -0.770872 -1.11327 -0.770872 -0.0643405 -1.01302 -0.0643405
649 0.381473 0.371886 -0.603036 -0.603634 -0.603036 -0.0430556 0.496705 -0.0430556
650 0.992914 0.998138 1.09065 0.451536 1.09065 -0.354173 -1.00414 -0.354173
651 0.042743 0.969084 -0.414969 -0.964217 -0.414969 -0.323078 -1.03047 -0.323078
652 0.0551902 0.270178 -0.271274 -1.20948 -0.271274 -0.334668 0.0767099 -0.334668
653 0.38651 0.987435 -0.151999 -0.0550693 -0.151999 -1.07273 -0.892097 -1.07273
654 0.679824 0.17197 0.7578 0.185516 0.7578 0.337473 1.2265 0.337473
655 0.495003 0.0163038 0.927436 0.235276 0.927436 0.628699 1.25049 0.628699
656 0.583804 0.992583 0.0554875 0.257989 0.0554875 0.204421 -0.653529 0.204421
657 0.859463 0.173755 0.425769 0.706421 0.425769 1.23384 1.07926 1.23384
658 0.368887 0.357698 0.0385452 -0.616725 0.0385452 -0.064845 0.512288 -0.064845
659 0.950924 0.341897 0.361086 0.714521 0.361086 -0.281979 0.458521 -0.281979
660 0.0789671 0.777169 -0.236897 -0.646475 -0.236897 -0.252166 -1.13251 -0.252166
661 0.950753 0.298274 -0.728327 0.821422 -0.728327 -0.70717 0.513465 -0.70717
662 0.140857 0.418599 -0.356617 -0.959477 -0.356617 1.11316 0.359409 1.11316
663 0.487708 0.834625 0.475315 0.300548 0.475315 -0.414201 -0.747086 -0.414201
664 0.0117794 0.496036 -0.929877 -1.10122 -0.929877 0.335196 0.276302 0.335196
665 0.00896281 0.0675431 -0.83639 -1.46009 -0.83639 0.631565 0.931316 0.631565
666 0.0424571 0.293326 -0.730875 -1.22461 -0.730875 0.379936 0.0867305 0.379936
667 0.62819 0.667556 0.209729 0.260244 0.209729 -0.157557 -0.678804 -0.157557
668 0.0807318 0.0700597 -0.670406 -1.31895 -0.670406 1.28993 1.15109 1.28993
669 0.925621 0.303457 -0.26104 0.716042 -0.26104 -0.679714 0.552787 -0.679714
670 0.0134142 0.694032 -0.895796 -0.62818 -0.895796 -0.233625 -0.830709 -0.233625
671 0.791072 0.644616 -0.0698633 0.29815 -0.0698633 -0.176283 -0.690204 -0.176283
672 0.198164 0.438291 0.736983 -0.866502 0.736983 -1.22248 0.458394 -1.22248
673 0.533491 0.293057 -0.634203 -0.427529 -0.634203 -0.809333 0.890441 -0.809333
674 0.188976 0.246973 -0.245661 -0.859887 -0.245661 -0.499657 0.246022 -0.499657
675 0.0105574 0.686776 0.00827258 -0.64228 0.00827258 -0.794804 -0.790234 -0.794804
676 0.193526 0.994305 0.0161079 -0.270278 0.0161079 -0.562714 -1.0586 -0.562714
677 0.629982 0.68516 0.339955 0.303545 0.339955 0.0820136 -0.719455 0.0820136
678 0.465852 0.709895 0.250388 0.240469 0.250388 -0.200632 -0.641604 -0.200632
679 0.440847 0.654504 0.50492 -0.0584912 0.50492 -0.798264 -0.455223 -0.798264
680 0.644514 0.13352 0.318242 0.237119 0.318242 0.209721 1.21539 0.209721
681 0.803018 0.962943 0.230337 0.803292 0.230337 -0.389988 -0.624878 -0.389988
682 0.329462 0.775995 -0.49772 -0.421917 -0.49772 -0.160264 -0.996636 -0.160264
683 0.0286142 0.256749 -0.146725 -1.29102 -0.146725 0.100633 0.0273892 0.100633
684 0.971967 0.788222 1.18359 0.670209 1.18359 -0.156451 -0.505821 -0.156451
685 0.00821734 0.499559 -1.23524 -1.10195 -1.23524 0.343737 0.275499 0.343737
686 0.452449 0.806825 -0.277344 0.205947 -0.277344 -0.368175 -0.80054 -0.368175
687 0.993494 0.983118 0.697469 0.467576 0.697469 -1.00426 -0.966886 -1.00426
688 0.784383 0.979943 0.839526 0.868333 0.839526 -0.158952 -0.572339 -0.158952
689 0.782654 0.990279 -0.0804801 0.892846 -0.0804801 0.161194 -0.554124 0.161194
690 0.809025 0.786916 -0.546575 0.502469 -0.546575 -0.242259 -0.801348 -0.242259
691 0.0104686 0.673701 0.215406 -0.674146 0.215406 -0.353288 -0.715415 -0.353288
692 0.385104 0.364477 -1.23785 -0.599489 -1.23785 -0.0902255 0.511276 -0.0902255
693 0.462153 0.66288 0.444021 0.0640035 0.444021 -0.188487 -0.482687 -0.188487
694 0.504597 0.843726 -0.446244 0.327513 -0.446244 0.556436 -0.73011 0.556436
695 0.194961 0.422431 -0.778888 -0.868788 -0.778888 0.466534 0.435447 0.466534
696 0.445569 0.65204 -0.370483 -0.0449515 -0.370483 -0.950579 -0.445707 -0.950579
697 0.0727705 0.297809 -0.719687 -1.14679 -0.719687 0.923391 0.130933 0.923391
698 0.0145085 0.986634 -0.551236 -1.13001 -0.551236 0.419385 -1.01346 0.419385
699 0.156616 0.600263 -0.678384 -0.866791 -0.678384 0.0991475 -0.171823 0.0991475
700 0.274921 0.536636 -0.475171 -0.781805 -0.475171 0.335816 0.301032 0.335816
701 0.985622 0.726391 0.0842679 0.689649 0.0842679 -0.434687 -0.313417 -0.434687
702 0.508341 0.0755006 0.514871 0.0855514 0.514871 -0.0556935 1.19303 -0.0556935
703 0.66641 0.147043 -0.425816 0.243464 -0.425816 0.109136 1.22303 0.109136
704 0.103498 0.124799 0.538978 -1.21875 0.538978 -0.37281 0.887378 -0.37281
705 0.490159 0.823834 -0.145812 0.337777 -0.145812 -0.0575387 -0.742686 -0.0575387
706 0.375449 0.950042 -1.34851 -0.072938 -1.34851 -1.16532 -0.90984 -1.16532
707 0.977486 0.795011 -0.622222 0.66965 -0.622222 -0.867846 -0.511197 -0.867846
708 0.324649 0.379175 -0.111435 -0.669044 -0.111435 0.0249635 0.47233 0.0249635
709 0.371732 0.370984 -0.601318 -0.614495 -0.601318 0.0335659 0.494435 0.0335659
710 0.782114 0.985796 -0.582076 0.884712 -0.582076 -0.0237752 -0.55958 -0.0237752
711 0.933633 0.335253 0.69641 0.674274 0.69641 -0.176177 0.481238 -0.176177
712 0.411726 0.967611 -0.0606127 -0.0530139 -0.0606127 -0.513918 -0.858816 -0.513918
713 0.00165971 0.69248 -0.795015 -0.617197 -0.795015 0.344863 -0.826289 0.344863
714 0.428442 0.970789 0.0300655 -0.0511382 0.0300655 0.234734 -0.835882 0.234734
715 0.565419 0.981998 0.266414 0.19475 0.266414 0.314403 -0.677624 0.314403
716 0.310598 0.347284 -0.386651 -0.675901 -0.386651 -0.0447702 0.473917 -0.0447702
717 0.651322 0.849939 -0.567933 0.484831 -0.567933 0.329999 -0.759196 0.329999
718 0.0571492 0.318617 0.419003 -1.17055 0.419003 0.94778 0.134552 0.94778
719 0.460911 0.81072 -0.809859 0.238426 -0.809859 0.570592 -0.787426 0.570592
720 0.510951 0.0434761 -0.368083 0.200606 -0.368083 0.533006 1.21532 0.533006
721 0.782463 0.618175 0.427083 0.257668 0.427083 0.362001 -0.67194 0.362001
722 0.170145 0.60218 -0.570462 -0.867175 -0.570462 -0.00404436 -0.172928 -0.00404436
723 0.294995 0.544615 0.014026 -0.734102 0.014026 0.302093 0.21443 0.302093
724 0.618179 0.650066 -0.864893 0.214521 -0.864893 0.480845 -0.625094 0.480845
725 0.387218 0.973635 0.497169 -0.0584848 0.497169 0.242673 -0.892004 0.242673
726 0.809886 0.615701 0.437203 0.292235 0.437203 -0.0275578 -0.572046 -0.0275578
727 0.671067 0.125052 0.148975 0.335878 0.148975 0.50079 1.22881 0.50079
728 0.188529 0.228741 -1.01696 -0.886681 -1.01696 -0.0891831 0.374791 -0.0891831
729 0.701707 0.327342 0.210435 -0.036589 0.210435 0.428542 0.701223 0.428542
730 0.484643 0.0294076 -0.831482 0.139735 -0.831482 0.268749 1.27216 0.268749
731 0.16143 0.22034 0.0205494 -0.969439 0.0205494 0.283138 0.391008 0.283138
732 0.187058 0.234066 0.0951715 -0.883159 0.0951715 0.106558 0.334875 0.106558
733 0.0112787 0.0597952 0.877342 -1.46032 0.877342 0.493451 0.97886 0.493451
734 0.792436 0.581678 0.939119 0.231463 0.939119 -0.466322 -0.570613 -0.466322
735 0.393119 0.682506 -0.220266 -0.212989 -0.220266 0.333023 -0.58692 0.333023
736 0.695791 0.505737 -0.615504 -0.00748592 -0.615504 -0.507899 -0.485974 -0.507899
737 0.489453 0.0451319 0.637495 0.114845 0.637495 0.518234 1.24108 0.518234
738 0.793807 0.771341 0.517098 0.457353 0.517098 -0.600203 -0.848534 -0.600203
739 0.856954 0.452832 -0.0953959 0.275769 -0.0953959 -0.042395 0.0535387 -0.042395
740 0.220696 0.981795 -0.104527 -0.175933 -0.104527 -0.475252 -1.06952 -0.475252
741 0.779199 0.632405 0.202046 0.268398 0.202046 -0.465737 -0.707952 -0.465737
742 0.776185 0.9803 -0.20368 0.884668 -0.20368 0.422539 -0.556628 0.422539
743 0.47791 0.0326962 -0.154006 0.0957962 -0.154006 0.153295 1.28911 0.153295
744 0.797227 0.967611 -0.741647 0.821344 -0.741647 -0.274357 -0.610568 -0.274357
745 0.409563 0.989341 -0.379863 -0.0617344 -0.379863 0.080012 -0.861003 0.080012
746 0.182522 0.256543 -0.035751 -0.87401 -0.035751 -0.670083 0.223982 -0.670083
747 0.206973 0.928169 0.351086 -0.386094 0.351086 -0.193561 -1.08163 -0.193561
748 0.380083 0.951906 -0.0667654 -0.0686247 -0.0667654 -1.0813 -0.903264 -1.0813
749 0.0142249 0.269404 -0.55732 -1.31775 -0.55732 0.446532 0.0232967 0.446532
750 0.980455 0.563932 0.275634 0.449901 0.275634 0.101314 0.18574 0.101314
751 0.409087 0.981215 0.461209 -0.0586581 0.461209 -0.122457 -0.861937 -0.122457
752 0.360397 0.19169 -1.78509 -0.582873 -1.78509 0.823238 0.911201 0.823238
753 0.850137 0.803357 -0.565441 0.561963 -0.565441 -0.427506 -0.723328 -0.427506
754 0.323707 0.552853 -0.254402 -0.658114 -0.254402 0.357141 0.11781 0.357141
755 0.0128922 0.661441 0.626984 -0.70621 0.626984 -0.0763885 -0.643924 -0.0763885
756 0.301347 0.518787 -0.567962 -0.728223 -0.567962 0.576516 0.360588 0.576516
757 0.66434 0.83794 -0.956219 0.491823 -0.956219 0.179597 -0.777831 0.179597
758 0.354453 0.384072 0.68037 -0.635443 0.68037 -0.108819 0.473165 -0.108819
759 0.090861 0.793087 -0.00599486 -0.669253 -0.00599486 -1.67731 -1.12442 -1.67731
760 0.712512 0.320152 -0.104229 -0.0135455 -0.104229 1.12547 0.750101 1.12547
761 0.668859 0.188325 0.114403 0.0984047 0.114403 0.18081 1.21746 0.18081
762 0.329312 0.361261 0.1584 -0.659744 0.1584 -0.0145291 0.483252 -0.0145291
763 0.984656 0.533185 -0.0553997 0.411129 -0.0553997 0.401882 0.299939 0.401882
764 0.980465 0.766625 -0.655076 0.699445 -0.655076 0.621486 -0.440435 0.621486
765 0.544805 0.288465 -1.67554 -0.403352 -1.67554 0.431536 0.916075 0.431536
766 0.00375928 0.505758 -0.456207 -1.09218 -0.456207 -0.76127 0.237237 -0.76127
767 0.50765 0.338737 -1.24151 -0.467738 -1.24151 -0.113079 0.681482 -0.113079
768 0.828258 0.135576 -0.191343 0.706297 -0.191343 1.17044 1.19858 1.17044
769 0.293224 0.495777 -0.914604 -0.746658 -0.914604 -0.0942272 0.493777 -0.0942272
770 0.478761 0.462635 -0.650493 -0.46354 -0.650493 -0.0205222 0.183452 -0.0205222
771 0.381786 0.373905 -0.158386 -0.603329 -0.158386 -0.406905 0.493366 -0.406905
772 0.9987 0.983073 -0.0285985 0.457494 -0.0285985 -0.114278 -0.9767 -0.114278
773 0.0298822 0.994338 -0.598116 -1.07505 -0.598116 0.0435833 -1.01322 0.0435833
774 0.682502 0.52916 -0.417015 0.00906321 -0.417015 -0.77276 -0.499037 -0.77276
775 0.197016 0.407047 -0.485395 -0.862526 -0.485395 0.892462 0.420021 0.892462
776 0.0432153 0.999494 -1.02811 -1.01913 -1.02811 0.534163 -1.01413 0.534163
777 0.9512 0.78852 -0.199095 0.648954 -0.199095 0.413472 -0.543851 0.413472
778 0.00889336 0.690338 -0.866907 -0.631536 -0.866907 0.69943 -0.81128 0.69943
779 0.806501 0.625937 0.80136 0.299056 0.80136 -0.466417 -0.603581 -0.466417
780 0.82156 0.445121 -0.194734 0.219668 -0.194734 0.973395 -0.00595281 0.973395
781 0.951096 0.953633 -0.263511 0.565092 -0.263511 -1.62199 -0.834167 -1.62199
782 0.379756 0.210973 -0.379367 -0.565364 -0.379367 0.513777 0.859407 0.513777
783 0.394461 0.197805 -0.357555 -0.527866 -0.357555 0.46947 0.936746 0.46947
784 0.0215306 0.696802 -0.488694 -0.632119 -0.488694 0.388071 -0.843678 0.388071
785 0.945551 0.957235 -0.259135 0.571881 -0.259135 -0.154685 -0.832649 -0.154685
786 0.848021 0.440909 -0.793819 0.27363 -0.793819 0.503234 0.0814077 0.503234
787 0.575807 0.658015 -0.130641 0.229169 -0.130641 0.0123827 -0.577598 0.0123827
788 0.0356086 0.318651 -0.236897 -1.22048 -0.236897 -0.252166 0.106688 -0.252166
789 0.537259 0.982419 -0.0020136 0.0803725 -0.0020136 0.369451 -0.703925 0.369451
790 0.119611 0.0974867 -1.29015 -1.21332 -1.29015 -0.222714 1.10321 -0.222714
791 0.636154 0.999101 -0.782683 0.481608 -0.782683 0.412071 -0.592526 0.412071
792 0.786994 0.998631 1.09306 0.900524 1.09306 -1.31749 -0.551555 -1.31749
793 0.0387086 0.313162 -0.329688 -1.21775 -0.329688 -0.0114653 0.104461 -0.0114653
794 0.743782 0.338353 -0.0200552 0.0593779 -0.0200552 -0.0595771 0.612731 -0.0595771
795 0.32554 0.552312 0.014026 -0.653835 0.014026 0.302093 0.117972 0.302093
796 0.120673 0.101299 -0.68784 -1.20694 -0.68784 0.731083 1.08211 0.731083
797 0.499082 0.495908 -0.65255 -0.419885 -0.65255 0.655413 0.00734217 0.655413
798 0.541033 0.294808 -0.349709 -0.409628 -0.349709 0.612945 0.884083 0.612945
799 0.742744 0.333828 -0.0974203 0.0564523 -0.0974203 0.290302 0.646625 0.290302
800 0.708164 0.326397 1.78418 -0.0222526 1.78418 -0.509819 0.706803 -0.509819
801 0.0876891 0.0867287 -0.812662 -1.28957 -0.812662 -0.503079 1.07375 -0.503079
802 0.645488 0.495983 -0.936378 -0.120728 -0.936378 -0.179212 -0.331778 -0.179212
803 0.996828 0.561831 0.0914743 0.467549 0.0914743 0.66582 0.255657 0.66582
804 0.589077 0.987817 0.743414 0.284805 0.743414 -0.551545 -0.651407 -0.551545
805 0.819337 0.491463 0.402426 0.179932 0.402426 -0.00536701 -0.259787 -0.00536701
806 0.45778 0.62822 0.132987 -0.0685126 0.132987 0.0648143 -0.361303 0.0648143
807 0.190198 0.417728 -0.406394 -0.876048 -0.406394 0.140985 0.423607 0.140985
808 0.219386 0.95285 -1.07872 -0.271682 -1.07872 0.417295 -1.07708 0.417295
809 0.411101 0.205655 -0.364262 -0.511661 -0.364262 -0.195692 0.937847 -0.195692
810 0.379025 0.199909 0.00269417 -0.55624 0.00269417 1.10546 0.903607 1.10546
811 0.740516 0.333528 -0.576005 0.0514251 -0.576005 0.331317 0.649373 0.331317
812 0.432496 0.999797 -0.79344 -0.0792687 -0.79344 -0.560696 -0.830107 -0.560696
813 0.795424 0.638708 -0.395903 0.297809 -0.395903 0.14737 -0.664999 0.14737
814 0.464285 0.674698 -0.546388 0.113549 -0.546388 0.754303 -0.522687 0.754303
815 0.0318894 0.324344 -0.88661 -1.22422 -0.88661 0.743934 0.108335 0.743934
816 0.179015 0.646931 -0.609281 -0.853878 -0.609281 -0.0301905 -0.459413 -0.0301905
817 0.664546 0.482066 0.328053 -0.0848961 0.328053 -0.532146 -0.286509 -0.532146
818 0.841201 0.198833 -0.49821 0.586131 -0.49821 0.436474 1.05994 0.436474
819 0.175765 0.39938 0.806106 -0.899565 0.806106 -0.260768 0.382995 -0.260768
820 0.196034 0.901742 -0.732999 -0.484003 -0.732999 -0.006307 -1.08784 -0.006307
821 0.692273 0.338874 0.485483 -0.0555369 0.485483 -0.286159 0.624568 -0.286159
822 0.394587 0.196089 -0.111435 -0.525533 -0.111435 0.0249635 0.94327 0.0249635
823 0.808799 0.776702 -0.406439 0.485316 -0.406439 0.161877 -0.811514 0.161877
824 0.493495 0.0416637 -0.444669 0.145381 -0.444669 0.51444 1.23317 0.51444
825 0.65923 0.466287 -0.196124 -0.0995459 -0.196124 0.746641 -0.174895 0.746641
826 0.59751 0.635112 -0.263104 0.167035 -0.263104 -0.312849 -0.557646 -0.312849
827 0.37413 0.991786 1.18832 -0.049305 1.18832 -0.694923 -0.908419 -0.694923
828 0.978111 0.78556 -0.356916 0.678896 -0.356916 -0.487562 -0.488677 -0.487562
829 0.680219 0.475496 -0.345728 -0.0539421 -0.345728 0.0558932 -0.276473 0.0558932
830 0.0464444 0.29521 0.107514 -1.21328 0.107514 0.598462 0.0940152 0.598462
831 0.272734 0.77789 -0.408245 -0.727067 -0.408245 -0.344534 -1.08693 -0.344534
832 0.0211751 0.68586 -0.632575 -0.656931 -0.632575 0.52725 -0.78058 0.52725
833 0.505347 0.518139 -0.651094 -0.334043 -0.651094 0.0644346 -0.076124 0.0644346
834 0.660237 0.473308 0.143514 -0.0958184 0.143514 0.00127827 -0.221543 0.00127827
835 0.220402 0.226841 -0.866907 -0.804943 -0.866907 0.69943 0.437035 0.69943
836 0.789947 0.650155 -0.198911 0.302577 -0.198911 -0.0652881 -0.703927 -0.0652881
837 0.0967655 0.0856538 -0.372976 -1.2723 -0.372976 -0.201887 1.10807 -0.201887
838 0.444041 0.686799 -1.14106 0.0522901 -1.14106 0.0228678 -0.576187 0.0228678
839 0.501975 0.851862 -0.320218 0.30205 -0.320218 -0.547676 -0.729904 -0.547676
840 0.30655 0.812427 -0.181813 -0.45928 -0.181813 0.539645 -1.02748 0.539645
841 0.820586 0.793986 0.793907 0.52489 0.793907 0.103069 -0.775018 0.103069
842 0.422874 0.988651 -0.620354 -0.0653542 -0.620354 0.141064 -0.843133 0.141064
843 0.829794 0.43707 -0.634904 0.242239 -0.634904 0.590269 0.0558607 0.590269
844 0.187411 0.640721 -3.30903 -0.860898 -3.30903 -0.580898 -0.413254 -0.580898
845 0.296707 0.532221 -0.302415 -0.73346 -0.302415 0.443739 0.28781 0.443739
846 0.781067 0.612807 -0.0489643 0.250025 -0.0489643 -0.0624172 -0.667393 -0.0624172
847 0.156543 0.622217 -0.696536 -0.853545 -0.696536 -1.91544 -0.313593 -1.91544
848 0.0126874 0.524707 -1.08805 -1.03654 -1.08805 0.420612 0.140283 0.420612
849 0.0132872 0.687525 -0.236897 -0.643698 -0.236897 -0.252166 -0.793411 -0.252166
850 0.506719 0.864875 -0.488694 0.272906 -0.488694 0.388071 -0.73095 0.388071
851 0.985634 0.77727 0.0554875 0.695405 0.0554875 0.204421 -0.454684 0.204421
852 0.798492 0.960859 -0.705299 0.806938 -0.705299 0.122648 -0.620381 0.122648
853 0.476438 0.825209 0.0410402 0.277267 0.0410402 0.517712 -0.763894 0.517712
854 0.023814 0.33434 -0.202761 -1.23358 -0.202761 -0.276285 0.109192 -0.276285
855 0.512044 0.871043 -0.0623183 0.265076 -0.0623183 -0.539189 -0.731124 -0.539189
856 0.808461 0.607404 -0.531856 0.281019 -0.531856 -0.136145 -0.560896 -0.136145
857 0.102669 0.802834 -0.767649 -0.680127 -0.767649 0.506656 -1.11968 0.506656
858 0.806441 0.645213 0.88265 0.320469 0.88265 -1.04961 -0.640951 -1.04961
859 0.0119224 0.654648 0.0838082 -0.721859 0.0838082 -0.0546813 -0.605509 -0.0546813
860 0.111676 0.801143 -0.363824 -0.684614 -0.363824 0.0126536 -1.12029 0.0126536
861 0.0613345 0.288571 -0.286812 -1.18101 -0.286812 0.0322826 0.105619 0.0322826
862 0.375263 0.175965 -0.684397 -0.542301 -0.684397 0.847722 0.998718 0.847722
863 0.104413 0.786175 -0.220266 -0.678582 -0.220266 0.333023 -1.12712 0.333023
864 0.47302 0.821861 -0.509548 0.270096 -0.509548 0.253313 -0.769023 0.253313
865 0.428751 0.982294 -0.132665 -0.0613759 -0.132665 0.156223 -0.835314 0.156223
866 0.484682 0.337657 -0.0957137 -0.500464 -0.0957137 0.632942 0.671226 0.632942
867 0.482781 0.0413564 -1.07858 0.0942666 -1.07858 0.485965 1.26378 0.485965
868 0.534003 0.275527 -0.810917 -0.433056 -0.810917 0.0979173 0.973899 0.0979173
869 0.405623 0.970915 -0.441645 -0.0556074 -0.441645 -0.302977 -0.867041 -0.302977
870 0.00803366 0.993131 -0.7477 -1.17906 -0.7477 -0.246974 -1.00788 -0.246974
871 0.419297 0.170332 0.0209527 -0.437765 0.0209527 1.36655 1.05818 1.36655
872 0.793878 0.994734 -0.0020136 0.878156 -0.0020136 0.369451 -0.571556 0.369451
873 0.513533 0.0278788 -0.254402 0.260349 -0.254402 0.357141 1.22613 0.357141
874 0.662448 0.153989 -0.669512 0.208091 -0.669512 0.831914 1.21976 0.831914
875 0.765329 0.967881 -0.727604 0.876563 -0.727604 0.344398 -0.558641 0.344398
876 0.834808 0.431836 -0.302038 0.257143 -0.302038 0.303721 0.093093 0.303721
877 0.189314 0.233579 -0.612505 -0.877795 -0.612505 0.493155 0.341607 0.493155
878 0.377012 0.383999 -0.633406 -0.609126 -0.633406 0.119253 0.475591 0.119253
879 0.863364 0.227796 0.018053 0.604929 0.018053 -0.275851 0.935465 -0.275851
880 0.137502 0.408462 0.236801 -0.967074 0.236801 0.194342 0.343179 0.194342
881 0.0807414 0.813191 -0.768705 -0.677865 -0.768705 -1.06036 -1.11499 -1.06036
882 0.386923 0.998349 -0.322251 -0.0525321 -0.322251 0.149261 -0.890858 0.149261
883 0.848728 0.452831 -0.164151 0.261304 -0.164151 0.727402 0.0302486 0.727402
884 0.201008 0.41851 -0.0713751 -0.857901 -0.0713751 0.161496 0.438818 0.161496
885 0.0423725 0.309311 -1.11416 -1.21218 -1.11416 0.98323 0.104817 0.98323
886 0.312218 0.534766 0.0501321 -0.697966 0.0501321 -0.410568 0.242888 -0.410568
887 0.773702 0.958502 0.157142 0.841658 0.157142 0.319318 -0.587416 0.319318
888 0.514115 0.320934 -0.663668 -0.460527 -0.663668 -0.284932 0.759603 -0.284932
889 0.13 0.799147 -0.532638 -0.695559 -0.532638 -0.0847883 -1.1208 -0.0847883
890 0.406036 0.990567 -0.569193 -0.0609811 -0.569193 0.881002 -0.865694 0.881002
891 0.424476 0.99316 0.31856 -0.0693327 0.31856 -0.465617 -0.840899 -0.465617
892 0.0291739 0.969332 -1.07853 -1.02185 -1.07853 -0.398234 -1.02709 -0.398234
893 0.0630549 0.324777 -0.90194 -1.15279 -0.90194 0.410043 0.149247 0.410043
894 0.993785 0.773572 0.116069 0.709321 0.116069 -0.130748 -0.428756 -0.130748
895 0.0806375 0.298731 -0.66795 -1.127 -0.66795 -0.234261 0.142138 -0.234261
896 0.700489 0.330369 -0.379166 -0.038767 -0.379166 0.617082 0.680585 0.617082
897 0.477174 0.497976 -0.969894 -0.453971 -0.969894 0.109236 0.0512253 0.109236
898 0.455155 0.0423467 -0.565436 -0.0425134 -0.565436 0.610443 1.34004 0.610443
899 0.842765 0.184179 0.0804815 0.627239 0.0804815 1.86579 1.0865 1.86579
900 0.15721 0.962357 -1.09724 -0.491877 -1.09724 -1.0533 -1.06028 -1.0533
901 0.349198 0.195057 -0.273003 -0.60451 -0.273003 0.460495 0.878668 0.460495
902 0.0193777 0.319876 -0.478957 -1.25697 -0.478957 0.400699 0.0870505 0.400699
903 0.828199 0.83281 -0.525391 0.584816 -0.525391 0.448185 -0.739389 0.448185
904 0.379782 0.17458 -0.618704 -0.531279 -0.618704 0.523278 1.00878 0.523278
905 0.401105 0.179614 -0.265622 -0.491655 -0.265622 0.0301679 1.01097 0.0301679
906 0.975194 0.946846 -0.766148 0.534902 -0.766148 -0.105215 -0.851568 -0.105215
907 0.00788328 0.996379 -0.885038 -1.18911 -0.885038 -0.700843 -1.00591 -0.700843
908 0.713838 0.308068 -0.395903 -0.0125969 -0.395903 0.14737 0.835231 0.14737
909 0.800886 0.604504 -0.101827 0.267645 -0.101827 -0.0698641 -0.582253 -0.0698641
910 0.502173 0.50387 0.390134 -0.396811 0.390134 -0.144845 -0.0285741 -0.144845
911 0.140722 0.0709572 -0.451259 -1.20118 -0.451259 0.868343 1.3397 0.868343
912 0.461397 0.47995 0.677205 -0.484134 0.677205 -0.188758 0.151719 -0.188758
913 0.468181 0.0498157 -0.962878 0.000290113 -0.962878 1.5162 1.29151 1.5162
914 0.0973258 0.0876724 -0.491138 -1.26917 -0.491138 0.160575 1.09748 0.160575
915 0.851272 0.798552 2.41094 0.557998 2.41094 -0.267575 -0.722304 -0.267575
916 0.185252 0.419468 -0.42247 -0.884618 -0.42247 0.278265 0.419118 0.278265
917 0.0207868 0.957856 -0.295525 -1.02844 -0.295525 0.504345 -1.03168 0.504345
918 0.296322 0.510406 -0.488694 -0.740324 -0.488694 0.388071 0.423036 0.388071
919 0.855858 0.456461 -0.361594 0.269343 -0.361594 0.310459 0.0351372 0.310459
920 0.0255416 0.975777 0.633419 -1.05242 0.633419 -0.540687 -1.02256 -0.540687
921 0.80785 0.835427 0.294322 0.582307 0.294322 -0.428309 -0.756302 -0.428309
922 0.821413 0.785027 -0.507935 0.512537 -0.507935 0.445412 -0.780015 0.445412
923 0.987449 0.951984 -0.810691 0.51235 -0.810691 -0.188576 -0.879072 -0.188576
924 0.189695 0.416523 -0.737385 -0.876732 -0.737385 -0.183502 0.421525 -0.183502
925 0.461367 0.684175 -0.0607617 0.130863 -0.0607617 -0.0281675 -0.556736 -0.0281675
926 0.00190616 0.304777 -0.126348 -1.31314 -0.126348 0.0488908 0.047387 0.0488908
927 0.424316 0.678462 0.774385 -0.068967 0.774385 -0.597612 -0.553997 -0.597612
928 0.793936 0.790894 0.414091 0.494324 0.414091 0.36679 -0.824051 0.36679
929 0.715158 0.324193 -0.26773 -0.006905 -0.26773 -0.140799 0.721361 -0.140799
930 0.351153 0.391855 -0.695732 -0.640368 -0.695732 1.08386 0.464761 1.08386
931 0.80851 0.975245 0.461209 0.814713 0.461209 -0.122457 -0.621434 -0.122457
932 0.865104 0.181001 -0.237459 0.709541 -0.237459 1.52496 1.05089 1.52496
933 0.97136 0.990301 -0.150093 0.504821 -0.150093 -1.10121 -0.94004 -1.10121
934 0.815713 0.997304 -0.737554 0.835767 -0.737554 0.00608547 -0.615944 0.00608547
935 0.34757 0.767729 -0.120094 -0.333335 -0.120094 -0.338005 -0.968601 -0.338005
936 0.398513 0.999037 0.412691 -0.0590147 0.412691 -0.844072 -0.875377 -0.844072
937 0.95761 0.363276 0.687053 0.681296 0.687053 -0.479387 0.432032 -0.479387
938 0.621632 0.84248 -0.08426 0.451153 -0.08426 -0.133558 -0.760606 -0.133558
939 0.0255305 0.687456 0.138655 -0.658422 0.138655 -0.179946 -0.788031 -0.179946
940 0.450452 0.685979 -0.252308 0.0820247 -0.252308 -0.345191 -0.569367 -0.345191
941 0.937013 0.326716 0.736902 0.704855 0.736902 -0.123261 0.492811 -0.123261
942 0.303693 0.769054 -0.598116 -0.580804 -0.598116 0.0435833 -1.03895 0.0435833
943 0.493714 0.483599 -0.183847 -0.433316 -0.183847 -0.112307 0.0714702 -0.112307
944 0.625773 0.668579 -0.200199 0.262744 -0.200199 -0.31228 -0.677441 -0.31228
945 0.656307 0.825125 -0.851932 0.477524 -0.851932 -0.184688 -0.791703 -0.184688
946 0.36158 0.364658 -0.614155 -0.625211 -0.614155 0.110942 0.498478 0.110942
947 0.229996 0.95778 -0.0913689 -0.215155 -0.0913689 -0.620339 -1.07809 -0.620339
948 0.472544 0.493631 -0.666892 -0.462744 -0.666892 0.238414 0.0785086 0.238414
949 0.029835 0.480604 -0.768286 -1.09298 -0.768286 0.369346 0.283025 0.369346
950 0.189413 0.42663 -0.196901 -0.878594 -0.196901 0.192111 0.433051 0.192111
951 0.808447 0.617144 -0.0612602 0.291897 -0.0612602 -0.0665138 -0.579861 -0.0665138
952 0.512057 0.289016 -0.496354 -0.478191 -0.496354 -0.52506 0.902496 -0.52506
953 0.0776138 0.0779945 -0.0373035 -1.31784 -0.0373035 0.445121 1.0943 0.445121
954 0.728881 0.341639 -0.0524068 0.0266007 -0.0524068 0.804999 0.593368 0.804999
955 0.0560622 0.988333 -0.688377 -0.937235 -0.688377 -0.803596 -1.02361 -0.803596
956 0.472139 0.490628 -0.366434 -0.464336 -0.366434 0.655183 0.0905682 0.655183
957 0.796152 0.9693 0.392692 0.826308 0.392692 -0.0454588 -0.606813 -0.0454588
958 0.160099 0.437917 -0.238362 -0.926059 -0.238362 0.289783 0.40744 0.289783
959 0.461106 0.46818 -0.832476 -0.487827 -0.832476 -0.62294 0.193034 -0.62294
960 0.85425 0.446398 -0.321954 0.278854 -0.321954 0.30388 0.0733215 0.30388
961 0.623696 0.0709988 0.317948 0.40796 0.317948 1.45381 1.22531 1.45381
962 0.101834 0.0934872 -1.28723 -1.25415 -1.28723 1.34807 1.07548 1.34807
963 0.373919 0.188467 -0.64541 -0.555414 -0.64541 0.212789 0.944055 0.212789
964 0.156818 0.634121 -0.531335 -0.846509 -0.531335 -0.774944 -0.39024 -0.774944
965 0.640291 0.98158 0.109529 0.49651 0.109529 -0.408474 -0.607889 -0.408474
966 0.493069 0.87301 -0.484988 0.219947 -0.484988 -0.122162 -0.741353 -0.122162
967 0.0919253 0.0800187 0.19369 -1.28752 0.19369 -0.090199 1.12724 -0.090199
968 0.797756 0.641615 0.0295815 0.304266 0.0295815 -0.0467514 -0.662681 -0.0467514
969 0.618702 0.994632 0.489486 0.406059 0.489486 -0.595039 -0.61569 -0.595039
970 0.838551 0.471675 -0.846128 0.224258 -0.846128 -0.223619 -0.0881622 -0.223619
971 0.362497 0.201408 -0.793819 -0.584726 -0.793819 0.503234 0.869556 0.503234
972 0.365429 0.344791 -0.617357 -0.619328 -0.617357 0.100924 0.527363 0.100924
973 0.827353 0.193027 -0.0859028 0.551573 -0.0859028 -0.108924 1.10167 -0.108924
974 0.465174 0.679262 -0.39993 0.13325 -0.39993 0.725315 -0.537883 0.725315
975 0.0985841 0.822402 0.00511917 -0.68417 0.00511917 0.794495 -1.1108 0.794495
976 0.41471 0.977676 -0.472654 -0.0573426 -0.472654 0.320713 -0.854432 0.320713
977 0.379057 0.199249 -0.24112 -0.555578 -0.24112 0.198265 0.906382 0.198265
978 0.604048 0.985846 0.381031 0.3482 0.381031 -0.552997 -0.63824 -0.552997
979 0.658172 0.844977 -0.455149 0.490123 -0.455149 -0.288595 -0.766929 -0.288595
980 0.0205335 0.988466 -0.905453 -1.10629 -0.905453 -0.262378 -1.01401 -0.262378
981 0.655829 0.827351 1.46127 0.478375 1.46127 -0.772714 -0.788688 -0.772714
982 0.0779765 0.812838 -0.652318 -0.677013 -0.652318 0.713005 -1.11515 0.713005
983 0.99159 0.975888 -0.215027 0.479403 -0.215027 -0.0710533 -0.944968 -0.0710533
984 0.451617 0.498379 0.352696 -0.494647 0.352696 -0.489735 0.111476 -0.489735
985 0.998925 0.555274 -0.341516 0.460626 -0.341516 0.402112 0.285327 0.402112
986 0.802695 0.795148 -0.232926 0.510311 -0.232926 -0.0125686 -0.804121 -0.0125686
987 0.982289 0.726893 0.0715271 0.685184 0.0715271 0.137062 -0.324014 0.137062
988 0.664105 0.167342 1.08373 0.163451 1.08373 0.117393 1.21823 0.117393
989 0.812741 0.841588 0.0497345 0.593601 0.0497345 -0.276251 -0.74645 -0.276251
990 0.206439 0.92313 -0.0373299 -0.401508 -0.0373299 -0.161857 -1.083 -0.161857
991 0.0101051 0.507653 -0.732524 -1.08055 -0.732524 0.257759 0.234735 0.257759
992 0.817357 0.447231 0.117071 0.210292 0.117071 0.209352 -0.0282705 0.209352
993 0.680131 0.520778 -0.382299 -0.0104852 -0.382299 0.194752 -0.477909 0.194752
994 0.836438 0.467957 -0.344081 0.224732 -0.344081 -0.173101 -0.0774652 -0.173101
995 0.362617 0.365929 -0.802939 -0.624199 -0.802939 0.582326 0.497389 0.582326
996 0.32439 0.540995 -1.16299 -0.665744 -1.16299 0.484273 0.184391 0.484273
997 0.98914 0.51618 1.39729 0.392037 1.39729 -0.94634 0.372928 -0.94634
998 0.813317 0.481822 -0.623658 0.179003 -0.623658 0.380563 -0.230669 0.380563
999 0.212385 0.967662 -0.416802 -0.254905 -0.416802 0.0335049 -1.07138 0.0335049

