position selCoef originGen type freq
1455 0.186466 7880 m2 0.002
1460 0.134845 5829 m2 1
1993 0.226271 7134 m2 1
2049 0.0850801 8000 m2 0.0005
3727 0.0624749 5846 m2 1
3851 0.16931 6085 m2 1
3971 -0.0614513 7992 m2 0.0005
4249 0.019798 7970 m2 0.01
4280 0.111251 5599 m2 1
8386 0.126223 6360 m2 1
8750 -0.0393067 7938 m2 0.0115
11023 0.0765359 3998 m2 1
12448 0.181095 1019 m2 1
12608 0.237924 4454 m2 1
14028 0.100157 6565 m2 1
15255 0.119795 7999 m2 0.0005
15530 0.0736203 8000 m2 0.0005
15583 0.102223 5225 m2 1
15628 -0.0987728 7995 m2 0.0005
16237 0.128511 8000 m2 0.0005
16442 0.130838 5959 m2 1
17837 0.123211 7996 m2 0.0005
18921 0.116609 1668 m2 1
20300 0.0514696 8000 m2 0.0005
21106 0.0564145 3671 m2 1
22579 -0.0214755 7997 m2 0.002
23132 0.180699 5513 m2 1
24934 -0.151731 7988 m2 0.005
25598 0.0823993 7998 m2 0.0015
26626 0.111166 7990 m2 0.0025
27456 0.185864 2972 m2 1
27527 0.145771 7991 m2 0.0045
27761 0.185506 5376 m2 1
28266 0.0560787 7997 m2 0.0005
30542 -0.0248576 8000 m2 0.0005
31547 0.156007 6949 m2 1
31579 0.0498463 6148 m2 1
31863 0.0823221 8000 m2 0.0005
33823 -0.0250204 7999 m2 0.0005
35372 0.0791017 8000 m2 0.0005
36093 0.179476 4635 m2 1
36223 0.16705 4629 m2 1
36764 0.117291 7999 m2 0.0005
36792 -0.0614401 7999 m2 0.001
37066 -0.0087012 8000 m2 0.0005
37676 0.082949 4677 m2 1
40566 0.138916 7991 m2 0.007
42041 0.0399162 7991 m2 0.001
42201 0.112269 6906 m2 1
42357 -0.102296 7998 m2 0.0025
42989 0.173777 5065 m2 1
44111 0.138058 7999 m2 0.001
44202 0.244956 4027 m2 1
44410 0.236668 4587 m2 1
45575 0.213893 5665 m2 1
46852 0.0988443 5594 m2 1
47561 0.0417614 5035 m2 1
47599 0.105366 8000 m2 0.0005
48902 0.0744505 7999 m2 0.0005
102839 0.203626 7039 m2 1
103211 -0.0298257 8000 m2 0.0005
103932 0.220878 5918 m2 1
104680 0.0707524 7771 m2 0.018
105074 0.0409973 7996 m2 0.002
105121 0.151852 5264 m2 1
105247 0.101182 7995 m2 0.001
105648 0.0141206 7938 m2 0.048
106371 0.196343 7998 m2 0.0005
106842 0.169011 7066 m2 1
107585 0.0365691 5348 m2 1
107831 0.0832647 6292 m2 1
107902 0.199143 6368 m2 1
107918 -0.0359596 7999 m2 0.001
108197 0.00417629 8000 m2 0.0005
108746 0.129227 5867 m2 1
108979 0.230063 4938 m2 1
109104 0.276178 7838 m2 0.997
109404 0.0906646 4956 m2 1
110039 0.148596 7074 m2 1
110719 0.147487 8000 m2 0.0005
111007 0.235651 7993 m2 0.001
112042 0.203872 6304 m2 1
112647 0.130047 6969 m2 1
113719 0.188018 7729 m2 1
114881 0.0914643 6965 m2 1
114929 -0.0713722 8000 m2 0.0005
117201 -0.0195922 7995 m2 0.006
117450 0.128847 5034 m2 1
117576 0.0616072 5131 m2 1
118122 0.181311 7556 m2 0.6225
118678 -0.1455 8000 m2 0.0005
119070 0.189695 4646 m2 1
119201 0.0718159 7920 m2 0.028
119582 0.00273467 7962 m2 0.0025
119722 0.0686374 1619 m2 1
120570 0.152825 6834 m2 1
120649 0.0819509 6938 m2 1
120705 0.102235 7991 m2 0.001
121531 0.210224 7795 m2 0.93
121813 0.119122 7532 m2 1
124020 0.0673034 7983 m2 0.002
124354 -0.0013295 8000 m2 0.0005
124806 0.0679387 7113 m2 1
125071 -0.00138958 7996 m2 0.0015
126116 0.0858823 5249 m2 1
126565 0.111322 7997 m2 0.0015
126880 0.183062 6443 m2 1
127312 0.0580285 7999 m2 0.0005
128854 0.150198 5581 m2 1
129077 0.146836 1384 m2 1
129103 0.180978 7596 m2 1
131261 -0.0486022 7997 m2 0.0005
132630 0.0707171 4960 m2 1
132805 0.290508 5924 m2 1
133073 -0.0221156 8000 m2 0.0005
135496 0.101505 7962 m2 0.007
135817 0.187814 6952 m2 1
136171 0.120015 8000 m2 0.0005
136440 0.0236901 6900 m2 1
136758 0.0619147 4418 m2 1
137015 0.20875 7962 m2 0.0015
137270 -0.0696105 7999 m2 0.0005
137314 -0.096857 8000 m2 0.0005
138062 -0.052348 8000 m2 0.0005
139365 0.176332 7418 m2 1
140566 -0.0262293 7994 m2 0.001
142637 0.12241 2577 m2 1
142835 0.246865 7507 m2 1
143287 0.161599 4795 m2 1
143847 0.02398 2770 m2 1
144088 0.320297 4079 m2 1
144159 0.187438 6416 m2 1
144247 0.211764 6243 m2 1
144716 0.130266 8000 m2 0.0005
144725 0.047794 7998 m2 0.001
144967 0.0434454 5530 m2 1
145558 0.176907 6587 m2 1
145943 0.114559 6360 m2 1
146346 -0.208096 7998 m2 0.001
146944 0.146352 7997 m2 0.002
147906 0.159382 5243 m2 1
148000 -0.0329927 8000 m2 0.0005
148420 0.150302 7999 m2 0.0005
148771 0.116241 5825 m2 1
200512 0.0730746 4112 m2 1
200609 0.171358 7908 m2 0.2895
200781 0.0670514 6154 m2 1
200869 0.134014 7991 m2 0.007
201060 0.205547 6956 m2 1
202028 0.076398 7996 m2 0.0005
202228 0.0911602 8000 m2 0.0005
202546 0.142688 7998 m2 0.0005
202754 0.126982 7362 m2 1
202905 0.145123 4161 m2 1
202979 0.12423 4006 m2 1
205628 0.188213 7704 m2 1
205759 -0.114408 8000 m2 0.0005
206122 0.073966 8000 m2 0.0005
206526 0.129018 3321 m2 1
206758 0.0692772 8000 m2 0.0005
206999 0.147911 7999 m2 0.001
207224 0.241623 5678 m2 1
207657 0.216605 4167 m2 1
208468 -0.00522267 7991 m2 0.0025
208886 0.192434 630 m2 1
209381 0.129474 6093 m2 1
209629 0.137756 5162 m2 1
211139 0.00606023 7997 m2 0.0005
212220 0.161653 7996 m2 0.001
212305 0.0887806 8000 m2 0.0005
212393 0.0937691 7999 m2 0.0005
212990 0.0842114 8000 m2 0.0005
213178 0.102053 4945 m2 1
213205 0.198243 7427 m2 1
213460 0.0872545 5070 m2 1
213894 0.0963175 6034 m2 1
214608 -0.144111 7996 m2 0.0005
214809 -0.185966 7998 m2 0.0015
214835 0.133881 5930 m2 1
215138 0.0974378 6670 m2 1
216036 0.259297 8000 m2 0.0005
216455 -0.0507795 7995 m2 0.002
217163 0.0897656 2074 m2 1
217806 0.184936 6643 m2 1
217854 0.271105 6740 m2 1
217877 0.0138038 8000 m2 0.0005
219193 0.028741 7998 m2 0.0005
220163 0.00120105 8000 m2 0.0005
221288 0.256653 5998 m2 1
222237 0.194384 7127 m2 1
222541 0.110456 6574 m2 1
222895 0.0895434 7629 m2 0.155
224369 0.235904 6239 m2 1
224444 0.181225 7996 m2 0.0005
224718 0.169497 7987 m2 0.002
224878 0.0985229 7639 m2 0.1055
225452 0.00202004 8000 m2 0.0005
225599 0.0799017 3883 m2 1
225754 0.0353403 8000 m2 0.0005
225960 0.190447 7932 m2 0.0135
229385 -0.0481909 7997 m2 0.001
229775 0.127487 5739 m2 1
230190 0.130167 4011 m2 1
230798 -0.040426 7973 m2 0.006
231687 0.126875 4050 m2 1
232035 0.0199268 8000 m2 0.0005
232098 0.16576 4916 m2 1
232453 0.0384016 8000 m2 0.0005
232600 0.215372 7860 m2 0.6885
232934 0.111405 7042 m2 1
233626 0.133915 5928 m2 1
234251 0.0657673 7419 m2 0.9795
235116 0.117554 4278 m2 1
235591 0.0643428 4013 m2 1
235759 0.0387669 7948 m2 0.004
236205 0.145093 6287 m2 1
236570 0.0257467 8000 m2 0.0005
236663 0.185479 6128 m2 1
237035 0.138878 5679 m2 1
238898 0.0748817 7317 m2 1
239732 0.0823498 7796 m2 0.3255
240734 -0.0424775 8000 m2 0.0005
241301 0.0214918 7988 m2 0.0035
241954 0.158837 6405 m2 1
243070 0.186237 4757 m2 1
243076 0.0953484 4319 m2 1
243231 0.176714 4006 m2 1
244840 -0.0379643 7998 m2 0.001
246282 0.167056 7702 m2 0.9865
247866 0.0894061 7929 m2 0.016
247899 0.0961971 7243 m2 1
247966 0.191413 6848 m2 1
249052 0.0114202 7997 m2 0.0005
249362 0.204635 7507 m2 1
300348 0.125118 7994 m2 0.0025
300616 -0.0631292 7999 m2 0.0005
301091 0.25284 5705 m2 1
301342 0.108772 5179 m2 1
302100 -0.103162 8000 m2 0.0005
302924 0.101852 1006 m2 1
303327 0.0969888 4767 m2 1
303679 0.256209 3742 m2 1
304762 -0.00622903 8000 m2 0.0005
305775 0.12271 4398 m2 1
305963 -0.08568 7964 m2 0.003
306259 0.304943 5162 m2 1
306780 0.091874 7935 m2 0.02
309531 0.123387 7954 m2 0.001
311530 0.18907 5461 m2 1
311566 0.016303 5213 m2 1
312224 0.191645 6706 m2 1
312346 0.0289651 4443 m2 1
312405 0.0884668 4305 m2 1
313215 0.13824 4005 m2 1
313774 0.0348 8000 m2 0.0005
314315 0.0475867 7987 m2 0.0005
314329 0.171371 6193 m2 1
315126 0.0674411 7494 m2 0.8705
315276 0.187331 7864 m2 0.7475
317821 -0.162579 7992 m2 0.0025
320142 0.131203 2184 m2 1
321336 -0.0622298 7991 m2 0.0005
321485 -0.12074 7999 m2 0.0005
321941 0.115748 6595 m2 1
322209 0.177071 4970 m2 1
323835 -0.0717912 7998 m2 0.0005
323907 0.21988 4556 m2 1
324089 0.133497 6219 m2 1
324398 -0.140494 8000 m2 0.0005
324591 0.149331 4610 m2 1
324840 0.206577 7988 m2 0.003
325441 0.103208 3997 m2 1
325594 -0.126647 7999 m2 0.0005
326470 0.202672 4450 m2 1
329008 0.118424 5541 m2 1
329653 0.124434 2984 m2 1
330688 0.157982 6767 m2 1
331159 0.0286425 7998 m2 0.002
331341 0.13527 5964 m2 1
331818 0.130855 7515 m2 1
334781 -0.098228 7988 m2 0.004
336288 0.0773645 7786 m2 0.299
336810 0.172886 4671 m2 1
337466 0.0929615 4052 m2 1
337514 0.0425622 8000 m2 0.0005
337881 0.197864 7478 m2 1
338091 -0.163295 7994 m2 0.0015
339819 0.109375 6929 m2 1
342550 0.0920173 7267 m2 1
342871 -0.132693 7998 m2 0.0005
344038 0.0849721 7999 m2 0.0005
344207 0.094256 542 m2 1
344237 -0.0543554 8000 m2 0.0005
345216 -0.103938 8000 m2 0.0005
348621 0.10074 7365 m2 1
348703 0.149879 4853 m2 1
349002 -0.0498216 8000 m2 0.0005

