id x y phenotype0 envi phenotype0-1 phenotype1 envi2 phenotype1-1
0 0.620028 0.340043 0.146351 -0.547361 0.146351 -0.283344 -0.411749 -0.283344
1 0.848459 0.492939 0 -0.590712 0 0 -0.511588 0
2 0.525793 0.179604 0.0731753 -0.441237 0.0731753 -0.141672 -0.140998 -0.141672
3 0.189465 0.619344 0.276178 -0.30882 0.276178 -0.197371 -0.188416 -0.197371
4 0.665683 0.0581645 0.0366139 -0.306593 0.0366139 -0.195013 -0.138383 -0.195013
5 0.648127 0.53326 0.251998 -0.570282 0.251998 -0.43333 -0.517774 -0.43333
6 0.0178314 0.982798 0.146351 -0.700923 0.146351 -0.283344 -0.24165 -0.283344
7 0.203436 0.47232 0.0731753 -0.360985 0.0731753 -0.141672 -0.0569408 -0.141672
8 0.0652376 0.388704 0.0731753 -0.271651 0.0731753 -0.141672 -0.202638 -0.141672
9 0.534424 0.67122 0.0731753 -0.785124 0.0731753 -0.141672 -0.266608 -0.141672
10 0.804052 0.685058 -0.827266 -0.802406 -0.827266 -0.778596 -0.371759 -0.778596
11 0.426835 0.842008 -1.70428 -0.848711 -1.70428 -0.415846 -0.348585 -0.415846
12 0.413495 0.0256706 0.349353 -0.250104 0.349353 -0.339043 -0.00763772 -0.339043
13 0.992077 0.989534 0.0731753 -0.709024 0.0731753 -0.141672 -0.312958 -0.141672
14 0.00964739 0.0255052 0.146351 -0.373286 0.146351 -0.283344 -0.135209 -0.283344
15 0.842872 0.0347759 0.658439 -0.377424 0.658439 -0.0543246 -0.18592 -0.0543246
16 0.489823 0.47231 0.146351 -0.467134 0.146351 -0.283344 -0.317879 -0.283344
17 0.0346332 0.807978 -0.0229734 -0.69009 -0.0229734 -0.49797 -0.207466 -0.49797
18 0.0357151 0.995274 -0.0895596 -0.754217 -0.0895596 -0.709735 -0.245656 -0.709735
19 0.980593 0.0300479 0.440718 -0.322099 0.440718 -0.352185 0.33229 -0.352185
20 0.779156 0.94249 -0.643859 -1.12774 -0.643859 -0.597846 -0.337908 -0.597846
21 0.217184 0.0397985 0 -0.264659 0 0 -0.118986 0
22 0.216215 0.976876 0.146351 -0.797098 0.146351 -0.283344 -0.272922 -0.283344
23 0.81835 0.335821 0.0731753 -0.563919 0.0731753 -0.141672 -0.544027 -0.141672
24 0.969481 0.566333 0.0731753 -0.620188 0.0731753 -0.141672 -0.40656 -0.141672
25 0.84303 0.348703 -0.511218 -0.558676 -0.511218 -0.208035 -0.506091 -0.208035
26 0.0199451 0.215474 0 -0.375405 0 0 -0.146037 0
27 0.975787 0.0142494 0.146351 -0.345559 0.146351 -0.283344 0.185659 -0.283344
28 0.0356353 0.04111 0.0731753 -0.365572 0.0731753 -0.141672 -0.132762 -0.141672
29 0.700977 0.528196 0 -0.515877 0 0 -0.662495 0
30 0.865767 0.519071 0.747401 -0.620967 0.747401 -0.429563 -0.492695 -0.429563
31 0.275673 0.801165 0.276178 -0.648063 0.276178 -0.197371 -0.264757 -0.197371
32 0.644844 0.374403 0.771582 -0.674923 0.771582 -0.193604 -0.682885 -0.193604
33 0.355931 0.357514 0.0731753 -0.556778 0.0731753 -0.141672 -0.0831043 -0.141672
34 0.489774 0.0160012 0.0731753 -0.256019 0.0731753 -0.141672 -0.0216006 -0.141672
35 0.647628 0.00487462 0.146351 0.0246868 0.146351 -0.283344 0.129153 -0.283344
36 0.726228 0.215927 0.0731753 -0.595773 0.0731753 -0.141672 -0.428591 -0.141672
37 0.505067 0.466385 0.725885 -0.47909 0.725885 -1.2167 -0.341621 -1.2167
38 0.262163 0.978447 -0.541332 -0.747007 -0.541332 -0.778417 -0.289849 -0.778417
39 0.228105 0.984803 0.476476 -0.780236 0.476476 0.0387199 -0.276581 0.0387199
40 0.371591 0.649754 0.146351 -0.625355 0.146351 -0.283344 -0.204616 -0.283344
41 0.506972 0.460197 0.240557 -0.478936 0.240557 -0.548001 -0.345698 -0.548001
42 0.0571464 0.376698 0.146351 -0.284814 0.146351 -0.283344 -0.19834 -0.283344
43 0.819768 0.0186019 0 -0.338163 0 0 -0.176936 0
44 0.267689 0.78677 0.146351 -0.639629 0.146351 -0.283344 -0.257148 -0.283344
45 0.476724 0.473556 0.146351 -0.449228 0.146351 -0.283344 -0.29569 -0.283344
46 0.972585 0.94805 0 -0.725493 0 0 -0.317953 0
47 0.986035 0.335898 0.0731753 -0.523186 0.0731753 -0.141672 -0.358041 -0.141672
48 0.270967 0.831608 0.0731753 -0.65652 0.0731753 -0.141672 -0.270969 -0.141672
49 0.809894 0.990664 0.0258963 -0.905882 0.0258963 -0.137801 -0.317734 -0.137801
50 0.707886 0.826483 0.0731753 -1.09099 0.0731753 -0.141672 -0.263784 -0.141672
51 0.785229 0.630628 0 -0.741089 0 0 -0.451478 0
52 0.433457 0.990153 0.146351 -0.876558 0.146351 -0.283344 -0.356435 -0.283344
53 0.978915 0.170585 -0.838648 -0.450449 -0.838648 -0.040031 -0.185391 -0.040031
54 0.966623 0.00607936 0 -0.357297 0 0 0.103475 0
55 0.982666 0.149891 0.0731753 -0.43346 0.0731753 -0.141672 -0.129447 -0.141672
56 0.998032 0.604331 0.0731753 -0.624169 0.0731753 -0.141672 -0.386024 -0.141672
57 0.543827 0.186385 0.0731753 -0.0148879 0.0731753 -0.141672 0.458556 -0.141672
58 0.619183 0.0397257 0.0731753 -0.281819 0.0731753 -0.141672 -0.110887 -0.141672
59 0.997245 0.601693 0.261896 -0.623018 0.261896 -0.0605277 -0.386487 -0.0605277
60 0.740156 0.227504 0.146351 -0.642891 0.146351 -0.283344 -0.534915 -0.283344
61 0.17537 0.442279 0 -0.310268 0 0 -0.101699 0
62 0.0417486 0.392012 0.146351 -0.190835 0.146351 -0.283344 -0.258408 -0.283344
63 0.864343 0.472778 0.146351 -0.579476 0.146351 -0.283344 -0.494912 -0.283344
64 0.254557 0.97201 0.24563 -0.745657 0.24563 -0.121979 -0.285733 -0.121979
65 0.207367 0.669948 0.349353 -0.506792 0.349353 -0.339043 -0.209004 -0.339043
66 0.48654 0.472568 0.606112 -0.463282 0.606112 0.256632 -0.313132 0.256632
67 0.424567 0.84833 0 -0.890513 0 0 -0.349019 0
68 0.983487 0.363566 0.0731753 -0.531905 0.0731753 -0.141672 -0.372459 -0.141672
69 0.342945 0.16756 0.146351 -0.387514 0.146351 -0.283344 -0.00550966 -0.283344
70 0.986221 0.201378 0.0731753 -0.468378 0.0731753 -0.141672 -0.23486 -0.141672
71 0.216426 0.489633 0.0731753 -0.38002 0.0731753 -0.141672 -0.0590364 -0.141672
72 0.187108 0.0239132 0.0731753 -0.294567 0.0731753 -0.141672 -0.118137 -0.141672
73 0.464703 0.82596 0.146351 -0.821938 0.146351 -0.283344 -0.34978 -0.283344
74 0.655479 0.582602 0.146351 -0.628034 0.146351 -0.283344 -0.420165 -0.283344
75 0.206736 0.650183 0.0731753 -0.465124 0.0731753 -0.141672 -0.195534 -0.141672
76 0.182191 0.646362 0.0731753 -0.40765 0.0731753 -0.141672 -0.187171 -0.141672
77 0.351613 0.642701 0.0731753 -0.523244 0.0731753 -0.141672 0.0305533 -0.141672
78 0.815009 0.686702 -0.75409 -0.793045 -0.75409 -0.920268 -0.376937 -0.920268
79 0.0317972 0.992293 0.146351 -0.737094 0.146351 -0.283344 -0.244495 -0.283344
80 0.474731 0.994811 0.0731753 -0.847368 0.0731753 -0.141672 -0.321589 -0.141672
81 0.0127309 0.029518 0.0731753 -0.371846 0.0731753 -0.141672 -0.134795 -0.141672
82 0.664782 0.808754 0 -1.02656 0 0 -0.282147 0
83 0.61555 0.34597 0.146351 -0.527592 0.146351 -0.283344 -0.378656 -0.283344
84 0.0397667 0.990022 -0.162735 -0.758864 -0.162735 -0.568063 -0.245598 -0.568063
85 0.986033 0.435022 0.0731753 -0.55316 0.0731753 -0.141672 -0.390837 -0.141672
86 0.16155 0.669373 0.0731753 -0.448288 0.0731753 -0.141672 -0.194083 -0.141672
87 0.449402 0.0122204 0.349353 -0.258791 0.349353 -0.339043 0.00870477 -0.339043
88 0.0393363 0.04239 0.0731753 -0.364729 0.0731753 -0.141672 -0.132456 -0.141672
89 0.671604 0.529386 0.276178 -0.564762 0.276178 -0.197371 -0.568593 -0.197371
90 0.969077 0.608758 -0.75409 -0.643397 -0.75409 -0.920268 -0.398796 -0.920268
91 0.350976 0.588264 -0.155863 -0.687919 -0.155863 -0.273782 -0.368698 -0.273782
92 0.620188 0.358871 0 -0.566711 0 0 -0.472342 0
93 0.657015 0.030833 0.0731753 -0.334253 0.0731753 -0.141672 -0.212155 -0.141672
94 0.236361 0.997579 0.0731753 -0.772346 0.0731753 -0.141672 -0.279546 -0.141672
95 0.800341 0.995289 0.0990716 -0.918536 0.0990716 -0.279473 -0.317515 -0.279473
96 0.388974 0.348113 -0.905952 -0.453198 -0.905952 -0.794761 -0.0824931 -0.794761
97 0.683298 0.811106 0 -1.05199 0 0 -0.267874 0
98 0.248969 0.00717663 0.35035 -0.250812 0.35035 -0.0534239 -0.110481 -0.0534239
99 0.668339 0.0235266 0 -0.105272 0 0 0.0116541 0
100 0.00403108 0.242424 0.0731753 -0.3729 0.0731753 -0.141672 -0.154419 -0.141672
101 0.615861 0.339274 0.146351 -0.523395 0.146351 -0.283344 -0.363973 -0.283344
102 0.813452 0.281362 0.139761 -0.585917 0.139761 0.0700931 -0.545297 0.0700931
103 0.186512 0.469136 0.0731753 -0.268324 0.0731753 -0.141672 -0.0941027 -0.141672
104 0.992309 0.611528 0.0990716 -0.630526 0.0990716 -0.279473 -0.387083 -0.279473
105 0.959747 0.177938 1.12094 -0.460139 1.12094 -0.532648 -0.218025 -0.532648
106 0.298332 0.158678 -0.401429 -0.298051 -0.401429 -0.54472 -0.0707702 -0.54472
107 0.53547 0.229503 -0.819719 -0.313667 -0.819719 -0.145705 -0.0101808 -0.145705
108 0.0390305 0.567403 0.0731753 -0.310983 0.0731753 -0.141672 -0.190127 -0.141672
109 0.496056 0.468468 0.0731753 -0.467911 0.0731753 -0.141672 -0.325787 -0.141672
110 0.797854 0.635333 0.146351 -0.760396 0.146351 -0.283344 -0.451846 -0.283344
111 0.966717 0.176136 0.0731753 -0.456924 0.0731753 -0.141672 -0.207443 -0.141672
112 0.0571293 0.367969 0.325173 -0.299347 0.325173 -0.575002 -0.190361 -0.575002
113 0.000468394 0.98716 0.0731753 -0.67414 0.0731753 -0.141672 -0.239825 -0.141672
114 0.337067 0.569729 0.276178 -0.714462 0.276178 -0.197371 -0.40756 -0.197371
115 0.350967 0.320646 -0.746544 -0.550244 -0.746544 -0.287377 0.0812369 -0.287377
116 0.686501 0.181325 0 -0.698199 0 0 -0.508481 0
117 0.499527 0.476414 0.146351 -0.48209 0.146351 -0.283344 -0.334496 -0.283344
118 0.584868 0.942358 0.0731753 -1.09747 0.0731753 -0.141672 -0.286836 -0.141672
119 0.0429967 0.989717 0.277894 -0.767669 0.277894 -0.571131 -0.246083 -0.571131
120 0.983479 0.600381 0.178822 -0.63061 0.178822 -0.291658 -0.393296 -0.291658
121 0.00698049 0.810567 0.0731753 -0.636066 0.0731753 -0.141672 -0.212245 -0.141672
122 0.013466 0.794946 0.349353 -0.65303 0.349353 -0.339043 -0.208503 -0.339043
123 0.425233 0.00825635 0 -0.258627 0 0 -0.00523946 0
124 0.428931 0.844367 0.0731753 -0.862414 0.0731753 -0.141672 -0.34852 -0.141672
125 0.978698 0.777574 0.146351 -0.691732 0.146351 -0.283344 -0.345479 -0.283344
126 0.490345 0.0142178 0.0731753 -0.263465 0.0731753 -0.141672 -0.0213116 -0.141672
127 0.0164287 0.0195735 0.146351 -0.371347 0.146351 -0.283344 -0.134003 -0.283344
128 0.00816566 0.0220692 0.349353 -0.373329 0.349353 -0.339043 -0.135095 -0.339043
129 0.298939 0.76375 0.0731753 -0.665402 0.0731753 -0.141672 -0.242337 -0.141672
130 0.832404 0.00300343 0.0731753 -0.257526 0.0731753 -0.141672 -0.180892 -0.141672
131 0.0378579 0.794149 -0.23591 -0.729042 -0.23591 -0.426391 -0.201838 -0.426391
132 0.753598 0.170873 0.0731753 -0.539812 0.0731753 -0.141672 -0.337412 -0.141672
133 0.0297157 0.385465 0.325173 -0.182531 0.325173 -0.575002 -0.267291 -0.575002
134 0.288902 0.77796 0.0731753 -0.655013 0.0731753 -0.141672 -0.256477 -0.141672
135 0.958703 0.98546 0.0731753 -0.732804 0.0731753 -0.141672 -0.314184 -0.141672
136 0.00896708 0.512384 0.0731753 -0.220229 0.0731753 -0.141672 -0.251948 -0.141672
137 0.791706 0.977528 0 -0.964811 0 0 -0.321375 0
138 0.18827 0.638365 -0.162735 -0.394924 -0.162735 -0.568063 -0.185363 -0.568063
139 0.282781 0.783459 0.276178 -0.650805 0.276178 -0.197371 -0.259035 -0.197371
140 0.990333 0.606109 0.261896 -0.628255 0.261896 -0.0605277 -0.388149 -0.0605277
141 0.0130946 0.777798 0.146351 -0.654341 0.146351 -0.283344 -0.206368 -0.283344
142 0.0103809 0.387953 0.0731753 -0.0940529 0.0731753 -0.141672 -0.325027 -0.141672
143 0.41557 0.979929 0 -0.95487 0 0 -0.406362 0
144 0.635824 0.0379099 0.0731753 -0.354556 0.0731753 -0.141672 -0.226008 -0.141672
145 0.190876 0.492106 0.146351 -0.246294 0.146351 -0.283344 -0.0938083 -0.283344
146 0.521916 0.646471 0.349353 -0.714113 0.349353 -0.339043 -0.264388 -0.339043
147 0.995527 0.371806 0.0731753 -0.531918 0.0731753 -0.141672 -0.367417 -0.141672
148 0.961149 0.150766 -0.975868 -0.440041 -0.975868 -0.321441 -0.158642 -0.321441
149 0.0398147 0.380121 0.325173 -0.231425 0.325173 -0.575002 -0.235972 -0.575002
150 0.00669232 0.57344 0.303619 -0.342703 0.303619 2.31487 -0.20091 2.31487
151 0.560687 0.952164 0.146351 -1.00979 0.146351 -0.283344 -0.295221 -0.283344
152 0.0340132 0.579916 0 -0.330139 0 0 -0.190781 0
153 0.517699 0.659897 0.146351 -0.728468 0.146351 -0.283344 -0.290795 -0.283344
154 0.0150732 0.968777 0.0731753 -0.686974 0.0731753 -0.141672 -0.239792 -0.141672
155 0.415888 0.0340055 0.0731753 -0.253834 0.0731753 -0.141672 0.00197162 -0.141672
156 0.820147 0.285556 0.146351 -0.579923 0.146351 -0.283344 -0.534388 -0.283344
157 0.804097 0.0170395 0.146351 -0.339525 0.146351 -0.283344 -0.177765 -0.283344
158 0.500452 0.696663 0.201361 -0.766604 0.201361 -0.252194 -0.349641 -0.252194
159 0.352014 0.157269 0.349353 -0.378357 0.349353 -0.339043 -0.00293198 -0.339043
160 0.793231 0.0406034 0.422529 -0.47045 0.422529 -0.480715 -0.296297 -0.480715
161 0.206859 0.941847 -0.324316 -0.757894 -0.324316 -0.141938 -0.267206 -0.141938
162 0.0255986 0.217743 0.146351 -0.374983 0.146351 -0.283344 -0.145205 -0.283344
163 0.831482 0.961129 0.0731753 -0.910366 0.0731753 -0.141672 -0.321715 -0.141672
164 0.99851 0.606096 0.0991609 -0.625305 0.0991609 -0.628591 -0.385544 -0.628591
165 0.436621 0.0225835 0.0731753 -0.256381 0.0731753 -0.141672 0.0125479 -0.141672
166 0.803094 0.490303 0.0731753 -0.569757 0.0731753 -0.141672 -0.583976 -0.141672
167 0.540199 0.188101 0.0731753 0.117285 0.0731753 -0.141672 0.638893 -0.141672
168 0.594308 0.987945 1.16695 -1.15702 1.16695 0.745834 -0.30301 0.745834
169 0.952071 0.980466 0 -0.738068 0 0 -0.314893 0
170 0.790712 0.289403 0.349353 -0.593506 0.349353 -0.339043 -0.61312 -0.339043
171 0.849395 0.501839 0.146351 -0.598279 0.146351 -0.283344 -0.511835 -0.283344
172 0.654164 0.0153289 0 -0.0631257 0 0 0.0349735 0
173 0.191124 0.648393 0.0731753 -0.434075 0.0731753 -0.141672 -0.190985 -0.141672
174 0.0554858 0.98528 -0.537454 -0.817583 -0.537454 -1.16563 -0.248463 -1.16563
175 0.16667 0.234566 0.762212 -0.364113 0.762212 -0.683001 -0.107005 -0.683001
176 0.211252 0.00668103 0.146351 -0.287492 0.146351 -0.283344 -0.111422 -0.283344
177 0.915054 0.756372 0.0731753 -0.731918 0.0731753 -0.141672 -0.353351 -0.141672
178 0.0367294 0.817135 0.0731753 -0.683988 0.0731753 -0.141672 -0.209514 -0.141672
179 0.0329627 0.387625 0.146351 -0.179869 0.146351 -0.283344 -0.267931 -0.283344
180 0.420884 0.984562 0 -0.924022 0 0 -0.387554 0
181 0.035511 0.993456 0.0731753 -0.754217 0.0731753 -0.141672 -0.245656 -0.141672
182 0.0227849 0.802633 0.146351 -0.668565 0.146351 -0.283344 -0.208464 -0.283344
183 0.0331534 0.514099 0.0731753 -0.242424 0.0731753 -0.141672 -0.22112 -0.141672
184 0.276508 0.0288633 1.74082 -0.193103 1.74082 -1.9384 -0.11881 -1.9384
185 0.0584211 0.799725 0.521808 -0.792439 0.521808 -0.31935 -0.195511 -0.31935
186 0.348709 0.562002 0.146351 -0.657142 0.146351 -0.283344 -0.314134 -0.283344
187 0.228599 0.968187 0 -0.764962 0 0 -0.275908 0
188 0.978825 0.367196 0.325173 -0.533569 0.325173 -0.575002 -0.37732 -0.575002
189 0.226045 0.804234 0.146351 -0.623363 0.146351 -0.283344 -0.2505 -0.283344
190 0.643199 0.379187 0.0731753 -0.658921 0.0731753 -0.141672 -0.680957 -0.141672
191 0.00843872 0.988575 -0.308915 -0.688586 -0.308915 -1.14252 -0.241099 -1.14252
192 0.826807 0.347071 0.349353 -0.561533 0.349353 -0.339043 -0.531256 -0.339043
193 0.0282655 0.787554 0.0731753 -0.694667 0.0731753 -0.141672 -0.204448 -0.141672
194 0.449608 0.471806 1.02434 -0.424813 1.02434 -1.05107 -0.24499 -1.05107
195 0.499921 0.449289 0.146351 -0.44708 0.146351 -0.283344 -0.323118 -0.283344
196 0.493177 0.00272806 0.146351 -0.287656 0.146351 -0.283344 -0.02684 -0.283344
197 0.23635 0.967675 0.403301 -0.752108 0.403301 0.180392 -0.27867 0.180392
198 0.0315328 0.0133684 0.407082 -0.3679 0.407082 -0.661674 -0.132149 -0.661674
199 0.718222 0.206896 0.44136 -0.572936 0.44136 -0.609444 -0.371739 -0.609444
200 0.998916 0.354709 -1.43559 -0.526114 -1.43559 -0.731896 -0.357089 -0.731896
201 0.465208 0.0111838 0.146351 -0.255507 0.146351 -0.283344 0.00858805 -0.283344
202 0.981623 0.00969861 0.146351 -0.348016 0.146351 -0.283344 0.171663 -0.283344
203 0.0340642 0.572653 0.502101 -0.323143 0.502101 -0.998381 -0.191447 -0.998381
204 0.978363 0.969741 0.0731753 -0.72007 0.0731753 -0.141672 -0.31539 -0.141672
205 0.170738 0.238707 0.0731753 -0.370245 0.0731753 -0.141672 -0.103537 -0.141672
206 0.82755 0.48199 0 -0.576528 0 0 -0.539586 0
207 0.4652 0.0241935 0.146351 -0.24086 0.146351 -0.283344 0.0195353 -0.283344
208 0.487918 0.462934 0 -0.443603 0 0 -0.30987 0
209 0.644583 0.362486 0.261896 -0.693513 0.261896 -0.0605277 -0.668757 -0.0605277
210 0.973631 0.007124 0.0731753 -0.350746 0.0731753 -0.141672 0.151742 -0.141672
211 0.752161 0.665356 -0.881307 -0.811184 -0.881307 0.605356 -0.345442 0.605356
212 0.373926 0.340003 0.146351 -0.523984 0.146351 -0.283344 -0.0307064 -0.283344
213 0.359244 0.180684 0.146351 -0.422406 0.146351 -0.283344 0.0115746 -0.283344
214 0.0291693 0.0480519 -0.072093 -0.367924 -0.072093 -0.419692 -0.133958 -0.419692
215 0.993308 0.990517 0.0731753 -0.707025 0.0731753 -0.141672 -0.31259 -0.141672
216 0.169509 0.510398 -0.0895596 0.0260879 -0.0895596 -0.709735 -0.137436 -0.709735
217 0.0222819 0.0472361 -0.844041 -0.369476 -0.844041 0.331576 -0.134587 0.331576
218 0.0347637 0.958578 0.146351 -0.712826 0.146351 -0.283344 -0.241033 -0.283344
219 0.305691 0.805093 0.0731753 -0.667986 0.0731753 -0.141672 -0.27782 -0.141672
220 0.229185 0.796779 0.146351 -0.620668 0.146351 -0.283344 -0.24968 -0.283344
221 0.00629489 0.975774 0.146351 -0.677148 0.146351 -0.283344 -0.239377 -0.283344
222 0.989214 0.982372 0 -0.711296 0 0 -0.31361 0
223 0.176326 0.477466 -0.391475 -0.10229 -0.391475 -0.255078 -0.131277 -0.255078
224 0.654198 0.0403728 0.0731753 -0.538283 0.0731753 -0.141672 -0.429837 -0.141672
225 0.615878 0.368821 -0.23591 -0.551849 -0.23591 -0.426391 -0.460839 -0.426391
226 0.0380735 0.792677 0.178822 -0.729042 0.178822 -0.291658 -0.201838 -0.291658
227 0.0143106 0.37377 0.422529 -0.192159 0.422529 -0.480715 -0.266322 -0.480715
228 0.22998 0.44984 0.146351 -0.433908 0.146351 -0.283344 0.00232052 -0.283344
229 0.618293 0.367044 0.0731753 -0.562138 0.0731753 -0.141672 -0.47894 -0.141672
230 0.357787 0.581631 0.454513 -0.675652 0.454513 -0.29516 -0.350714 -0.29516
231 0.351171 0.353527 0.422228 -0.557565 0.422228 0.145439 -0.0695212 0.145439
232 0.0374094 0.755392 0.658439 -0.718687 0.658439 -0.0543246 -0.201144 -0.0543246
233 0.675941 0.558367 0.0731753 -0.591122 0.0731753 -0.141672 -0.51749 -0.141672
234 0.628551 0.353367 0.568579 -0.601824 0.568579 -0.137905 -0.521197 -0.137905
235 0.48842 0.000297805 0 -0.279467 0 0 -0.0160569 0
236 0.5041 0.47292 0.568579 -0.487169 0.568579 -0.137905 -0.344873 -0.137905
237 0.250673 0.811961 0.349353 -0.636759 0.349353 -0.339043 -0.259237 -0.339043
238 0.750441 0.169965 0.0731753 -0.527861 0.0731753 -0.141672 -0.312399 -0.141672
239 0.176664 0.642841 0.261896 -0.391765 0.261896 -0.0605277 -0.184961 -0.0605277
240 0.797175 0.50415 -0.491083 -0.575096 -0.491083 -0.418609 -0.604662 -0.418609
241 0.386813 0.170982 0.0731753 -0.422854 0.0731753 -0.141672 -0.0346412 -0.141672
242 0.814478 0.0226374 0.146351 -0.323452 0.146351 -0.283344 -0.186494 -0.283344
243 0.683414 0.548034 0 -0.578232 0 0 -0.54822 0
244 0.982594 0.0147317 0.146351 -0.340676 0.146351 -0.283344 0.218775 -0.283344
245 0.340498 0.194808 0.146351 -0.421599 0.146351 -0.283344 0.0100401 -0.283344
246 0.457855 0.783289 -0.23591 -0.78968 -0.23591 -0.426391 -0.421889 -0.426391
247 0.168924 0.657 0.349353 -0.426163 0.349353 -0.339043 -0.190254 -0.339043
248 0.0543265 0.388063 -0.968928 -0.255624 -0.968928 -0.550888 -0.215528 -0.550888
249 0.642507 0.558002 0.0731753 -0.596463 0.0731753 -0.141672 -0.436103 -0.141672
250 0.663533 0.385788 0.0731753 -0.65689 0.0731753 -0.141672 -0.832689 -0.141672
251 0.196016 0.0257387 0 -0.289169 0 0 -0.117272 0
252 0.492128 0.471365 0.0731753 -0.467269 0.0731753 -0.141672 -0.321758 -0.141672
253 0.279089 0.789424 0.325173 -0.647323 0.325173 -0.575002 -0.260484 -0.575002
254 0.453927 0.0209385 0.349353 -0.250191 0.349353 -0.339043 0.018781 -0.339043
255 0.852965 0.478727 0.0731753 -0.581294 0.0731753 -0.141672 -0.507531 -0.141672
256 0.454669 0.81101 0 -0.797147 0 0 -0.369616 0
257 0.836277 0.651326 0.0731753 -0.792145 0.0731753 -0.141672 -0.444102 -0.141672
258 0.537583 0.203543 0.0731753 -0.349422 0.0731753 -0.141672 -0.0775537 -0.141672
259 0.43456 8.11232e-05 0.146351 -0.26332 0.146351 -0.283344 -0.00493211 -0.283344
260 0.975031 0.17344 0.146351 -0.45305 0.146351 -0.283344 -0.193916 -0.283344
261 0.345319 0.155919 -0.367891 -0.374462 -0.367891 -0.620171 -0.00731876 -0.620171
262 0.734665 0.184858 0.146351 -0.539073 0.146351 -0.283344 -0.329057 -0.283344
263 0.0446124 0.0223913 0.0731753 -0.363657 0.0731753 -0.141672 -0.130911 -0.141672
264 0.94436 0.78108 0.0731753 -0.717234 0.0731753 -0.141672 -0.346325 -0.141672
265 0.251621 0.00252426 0.146351 -0.248584 0.146351 -0.283344 -0.110309 -0.283344
266 0.411154 0.988574 0.0731753 -0.942338 0.0731753 -0.141672 -0.40017 -0.141672
267 0.0335306 0.830958 0 -0.661751 0 0 -0.214257 0
268 0.208575 0.303763 0.146351 -0.435752 0.146351 -0.283344 -0.053657 -0.283344
269 0.708445 0.83313 0.0731753 -1.09037 0.0731753 -0.141672 -0.274672 -0.141672
270 0.68622 0.511346 0.000308571 -0.558943 0.000308571 -1.00622 -0.61392 -1.00622
271 0.959255 0.201247 0.143672 -0.474106 0.143672 0.633504 -0.256073 0.633504
272 0.966895 0.222154 0 -0.48387 0 0 -0.278879 0
273 0.436932 0.97914 0.0731753 -0.87951 0.0731753 -0.141672 -0.356463 -0.141672
274 0.985146 0.607836 0.251998 -0.63139 0.251998 -0.43333 -0.390834 -0.43333
275 0.817752 0.923793 -0.162735 -1.01839 -0.162735 -0.568063 -0.331303 -0.568063
276 0.215812 0.479491 1.75272 -0.388278 1.75272 -1.35749 -0.04656 -1.35749
277 0.476248 0.438347 0.349353 -0.303329 0.349353 -0.339043 -0.286409 -0.339043
278 0.288899 0.81066 0.0731753 -0.658961 0.0731753 -0.141672 -0.272459 -0.141672
279 0.0249562 0.635973 0.349353 -0.418674 0.349353 -0.339043 -0.193889 -0.339043
280 0.808608 0.658799 0.0731753 -0.77456 0.0731753 -0.141672 -0.413365 -0.141672
281 0.976446 0.0263614 0.0731753 -0.331231 0.0731753 -0.141672 0.276136 -0.141672
282 0.685807 0.796424 0 -1.04925 0 0 -0.258106 0
283 0.0180486 0.376294 0.276178 -0.183634 0.276178 -0.197371 -0.270642 -0.197371
284 0.633343 0.525418 0.428926 -0.565722 0.428926 -0.856709 -0.501484 -0.856709
285 0.815207 0.285785 0.276178 -0.582766 0.276178 -0.197371 -0.542003 -0.197371
286 0.559631 0.669194 0.0731753 -0.823671 0.0731753 -0.141672 -0.205309 -0.141672
287 0.733795 0.953138 0.146351 -1.11302 0.146351 -0.283344 -0.326621 -0.283344
288 0.447341 0.841595 0.0731753 -0.843984 0.0731753 -0.141672 -0.346879 -0.141672
289 0.957261 0.155054 -0.391475 -0.445333 -0.391475 -0.255078 -0.175967 -0.255078
290 0.204674 0.0216626 0.0731753 -0.285274 0.0731753 -0.141672 -0.115624 -0.141672
291 0.678643 0.788536 0.844757 -1.02215 0.844757 -0.335277 -0.265753 -0.335277
292 0.52013 0.212078 0.0731753 -0.318107 0.0731753 -0.141672 0.0170599 -0.141672
293 0.0303994 0.183775 0.422529 -0.373365 0.422529 -0.480715 -0.140918 -0.480715
294 0.362402 0.607111 -1.43344 -0.658709 -1.43344 0.234015 -0.330647 0.234015
295 0.0525564 0.0285768 0 -0.360814 0 0 -0.130249 0
296 0.0545064 0.37306 0.0731753 -0.284598 0.0731753 -0.141672 -0.199574 -0.141672
297 0.452964 0.0152969 0.146351 -0.255833 0.146351 -0.283344 0.0118792 -0.283344
298 0.973043 0.561897 0.146351 -0.617092 0.146351 -0.283344 -0.405187 -0.283344
299 0.674045 0.779461 2.30424 -1.00494 2.30424 1.15803 -0.268136 1.15803
300 0.227888 0.467852 0.146351 -0.434255 0.146351 -0.283344 -0.0162451 -0.283344
301 0.0133006 0.380089 0.139761 -0.16136 0.139761 0.0700931 -0.284531 0.0700931
302 0.774115 0.655947 0.0731753 -0.768969 0.0731753 -0.141672 -0.392081 -0.141672
303 0.172842 0.47511 0.125265 -0.064022 0.125265 -0.325553 -0.139447 -0.325553
304 0.985198 0.014157 0.585264 -0.339433 0.585264 0.0873475 0.22726 0.0873475
305 0.247966 0.00877607 0.146351 -0.250812 0.146351 -0.283344 -0.110481 -0.283344
306 0.230429 0.843448 0.349353 -0.645755 0.349353 -0.339043 -0.259852 -0.339043
307 0.0147029 0.56202 0.276178 -0.323197 0.276178 -0.197371 -0.20143 -0.197371
308 0.159978 0.643127 0.422529 -0.377194 0.422529 -0.480715 -0.182305 -0.480715
309 0.290477 0.828953 0.172455 -0.66675 0.172455 0.0196932 -0.278056 0.0196932
310 0.40985 0.0185537 0.0731753 -0.246282 0.0731753 -0.141672 -0.015044 -0.141672
311 0.225523 0.0281642 0.422529 -0.266444 0.422529 -0.480715 -0.114249 -0.480715
312 0.349379 0.155602 0.0731753 -0.376476 0.0731753 -0.141672 -0.00504606 -0.141672
313 0.987645 0.562416 0.146351 -0.609137 0.146351 -0.283344 -0.395678 -0.283344
314 0.969271 0.176756 1.65477 -0.456251 1.65477 -0.214096 -0.204762 -0.214096
315 0.670087 0.572977 0.0731753 -0.616261 0.0731753 -0.141672 -0.467187 -0.141672
316 0.493215 0.0542514 0 -0.129158 0 0 -0.0343288 0
317 0.83682 0.325472 -0.570849 -0.563391 -0.570849 0.418445 -0.514852 0.418445
318 0.521424 0.672548 0.349353 -0.75092 0.349353 -0.339043 -0.299121 -0.339043
319 0.511088 0.49406 0.0731753 -0.507349 0.0731753 -0.141672 -0.363471 -0.141672
320 0.647012 0.356437 -0.750639 -0.714543 -0.750639 -0.426264 -0.679427 -0.426264
321 0.463909 0.788929 0.422529 -0.794249 0.422529 -0.480715 -0.393544 -0.480715
322 0.0235406 0.985825 0.349353 -0.713913 0.349353 -0.339043 -0.242702 -0.339043
323 0.377272 0.34671 0.308939 -0.502853 0.308939 -1.13659 -0.0578935 -1.13659
324 0.976158 0.551197 0.0731753 -0.609433 0.0731753 -0.141672 -0.404497 -0.141672
325 0.0355278 0.0164727 0.146351 -0.366284 0.146351 -0.283344 -0.131619 -0.283344
326 0.656265 0.559743 0.146351 -0.596952 0.146351 -0.283344 -0.470727 -0.283344
327 0.297251 0.176636 0.495404 -0.330064 0.495404 0.00376666 -0.0561954 0.00376666
328 0.356493 0.605487 -1.87236 -0.659522 -1.87236 -0.136676 -0.325323 -0.136676
329 0.373822 0.335986 -0.819719 -0.536033 -0.819719 -0.145705 -0.0175667 -0.145705
330 0.83298 0.0385043 0.525698 -0.399833 0.525698 -0.493954 -0.205382 -0.493954
331 0.749801 0.160236 -1.74089 -0.515244 -1.74089 -0.220833 -0.272499 -0.220833
332 0.413585 0.771619 0.146351 -0.780624 0.146351 -0.283344 -0.510004 -0.283344
333 0.712581 0.22407 0.146351 -0.595075 0.146351 -0.283344 -0.384211 -0.283344
334 0.783193 0.506405 0.251998 -0.56776 0.251998 -0.43333 -0.649603 -0.43333
335 0.225512 0.979808 0.146351 -0.780981 0.146351 -0.283344 -0.275515 -0.283344
336 0.0403935 0.00972703 0.0731753 -0.365054 0.0731753 -0.141672 -0.130619 -0.141672
337 0.978985 0.601519 0.146351 -0.634009 0.146351 -0.283344 -0.396177 -0.283344
338 0.974837 0.173953 0.146351 -0.45305 0.146351 -0.283344 -0.193916 -0.283344
339 0.376957 0.648568 0.146351 -0.640917 0.146351 -0.283344 -0.255297 -0.283344
340 0.41479 0.00921815 0.0990716 -0.251757 0.0990716 -0.279473 -0.0155265 -0.279473
341 0.77399 0.504481 0.601351 -0.559597 0.601351 -0.772373 -0.675277 -0.772373
342 0.623252 0.384642 0 -0.582409 0 0 -0.548481 0
343 0.348448 0.573398 0.0731753 -0.68338 0.0731753 -0.141672 -0.36519 -0.141672
344 0.0259891 0.991224 -0.162735 -0.723332 -0.162735 -0.568063 -0.243644 -0.568063
345 0.227631 0.00133983 0.146351 -0.276195 0.146351 -0.283344 -0.109275 -0.283344
346 0.521333 0.217726 0 -0.319952 0 0 0.0107585 0
347 0.991875 0.353592 0.109789 -0.527343 0.109789 -0.336685 -0.36232 -0.336685
348 0.964777 0.973724 0.146351 -0.729971 0.146351 -0.283344 -0.31519 -0.283344
349 0.241816 0.981023 0.146351 -0.757226 0.146351 -0.283344 -0.281337 -0.283344
350 0.943873 0.160475 1.12074 -0.453806 1.12074 0.241115 -0.205487 0.241115
351 0.787458 0.647606 0.962895 -0.75778 0.962895 0.677233 -0.421735 0.677233
352 0.230255 0.269679 0.349353 -0.425755 0.349353 -0.339043 -0.0418171 -0.339043
353 0.959395 0.971493 0.153641 -0.734701 0.153641 0.686696 -0.315623 0.686696
354 0.481942 0.0379907 0.0258963 -0.198273 0.0258963 -0.137801 0.00642935 -0.137801
355 0.192358 0.0276336 -0.441553 -0.289344 -0.441553 -0.141546 -0.118302 -0.141546
356 0.975346 0.765553 0.146351 -0.690056 0.146351 -0.283344 -0.348551 -0.283344
357 0.816986 0.325758 0.0731753 -0.56752 0.0731753 -0.141672 -0.548906 -0.141672
358 0.190717 0.034888 0.0731753 -0.285717 0.0731753 -0.141672 -0.121074 -0.141672
359 0.34271 0.171543 0.585264 -0.395085 0.585264 0.0873475 -0.0028795 0.0873475
360 0.211603 0.0331168 0 -0.272652 0 0 -0.117759 0
361 0.998714 0.602773 0 -0.621631 0 0 -0.385186 0
362 0.492595 0.462808 0 -0.454599 0 0 -0.318673 0
363 0.00141715 0.778748 0.0731753 -0.628189 0.0731753 -0.141672 -0.208428 -0.141672
364 0.632319 0.543678 0.0731753 -0.585589 0.0731753 -0.141672 -0.423052 -0.141672
365 0.687247 0.787224 0.532937 -1.04286 0.532937 0.398304 -0.256412 0.398304
366 0.0433303 0.419515 0.422529 -0.102361 0.422529 -0.480715 -0.307499 -0.480715
367 0.437253 0.843242 0.0731753 -0.860254 0.0731753 -0.141672 -0.348103 -0.141672
368 0.19722 0.0201179 -0.819719 -0.290413 -0.819719 -0.145705 -0.115623 -0.145705
369 0.0453879 0.998493 0 -0.783112 0 0 -0.247369 0
370 0.221764 0.0331813 0.0136405 -0.265093 0.0136405 -0.692982 -0.116187 -0.692982
371 0.0720195 0.365782 0.0731753 -0.323005 0.0731753 -0.141672 -0.172347 -0.141672
372 0.256639 0.803474 0.361175 -0.636676 0.361175 0.100838 -0.258946 0.100838
373 0.991426 0.797688 0.349353 -0.688379 0.349353 -0.339043 -0.340013 -0.339043
374 0.803359 0.639902 0.0731753 -0.768248 0.0731753 -0.141672 -0.44591 -0.141672
375 0.00779459 0.99068 0.186619 -0.689753 0.186619 -0.907106 -0.241354 -0.907106
376 0.446506 0.0337033 -1.25753 -0.249391 -1.25753 -0.248834 0.0267524 -0.248834
377 0.197444 0.0115919 0.422529 -0.294433 0.422529 -0.480715 -0.11394 -0.480715
378 0.343071 0.562564 0 -0.645148 0 0 -0.3139 0
379 0.607063 0.359464 0.0731753 -0.509002 0.0731753 -0.141672 -0.371838 -0.141672
380 0.0279257 0.39203 0.601351 -0.124154 0.601351 -0.772373 -0.302517 -0.772373
381 0.0126692 0.0032648 0.349353 -0.372423 0.349353 -0.339043 -0.133686 -0.339043
382 0.400474 0.340596 -0.0895596 -0.424452 -0.0895596 -0.709735 -0.058637 -0.709735
383 0.0334158 0.985335 1.21561 -0.740737 1.21561 2.58259 -0.244392 2.58259
384 0.242028 0.424682 0.276178 -0.44637 0.276178 -0.197371 0.0316351 -0.197371
385 0.00745579 0.984522 0.146351 -0.68598 0.146351 -0.283344 -0.240566 -0.283344
386 0.993506 0.349773 -2.4299 -0.52609 -2.4299 0.133878 -0.359308 0.133878
387 0.16336 0.651706 0 -0.406269 0 0 -0.186773 0
388 0.526011 0.203824 0.0731753 -0.315286 0.0731753 -0.141672 0.00644875 -0.141672
389 0.986658 0.331039 0.146351 -0.521484 0.146351 -0.283344 -0.355158 -0.283344
390 0.214289 0.0472061 0.349353 -0.258429 0.349353 -0.339043 -0.123217 -0.339043
391 0.978425 0.0254799 0.0731753 -0.331231 0.0731753 -0.141672 0.276136 -0.141672
392 0.990043 0.367642 0.422529 -0.531895 0.422529 -0.480715 -0.369897 -0.480715
393 0.0464578 0.798431 0 -0.749566 0 0 -0.200326 0
394 0.816751 0.321716 0.0731753 -0.570061 0.0731753 -0.141672 -0.549207 -0.141672
395 0.973099 0.979172 0.0731753 -0.723092 0.0731753 -0.141672 -0.314388 -0.141672
396 0.810138 0.649555 0.0731753 -0.775289 0.0731753 -0.141672 -0.436204 -0.141672
397 0.428532 0.0109668 0.0731753 -0.258885 0.0731753 -0.141672 -0.00126755 -0.141672
398 0.220852 0.297154 0.0731753 -0.44134 0.0731753 -0.141672 -0.0407351 -0.141672
399 0.958549 0.163494 0.0731753 -0.451473 0.0731753 -0.141672 -0.194167 -0.141672
400 0.967693 0.373522 0.0731753 -0.536903 0.0731753 -0.141672 -0.387252 -0.141672
401 0.21216 0.0220071 -1.31588 -0.279614 -1.31588 -0.107591 -0.11462 -0.107591
402 0.0471193 0.0167953 0.146351 -0.363061 0.146351 -0.283344 -0.13034 -0.283344
403 0.606186 0.355116 0.251998 -0.499413 0.251998 -0.43333 -0.339437 -0.43333
404 0.989433 0.575224 0.0731753 -0.615953 0.0731753 -0.141672 -0.39424 -0.141672
405 0.0387952 0.018308 0.146351 -0.365396 0.146351 -0.283344 -0.131419 -0.283344
406 0.242941 0.00370616 0.146351 -0.260186 0.146351 -0.283344 -0.109511 -0.283344
407 0.948328 0.805676 0.0731753 -0.724006 0.0731753 -0.141672 -0.33991 -0.141672
408 0.838406 0.34509 0.0731753 -0.560135 0.0731753 -0.141672 -0.513923 -0.141672
409 0.592111 0.016441 0.146351 -0.150774 0.146351 -0.283344 0.142733 -0.283344
410 0.681508 0.563748 -0.0895596 -0.599784 -0.0895596 -0.709735 -0.514801 -0.709735
411 0.352429 0.202882 0.146351 -0.448993 0.146351 -0.283344 0.0292213 -0.283344
412 0.346063 0.551034 0.495404 -0.663457 0.495404 0.00376666 -0.301004 0.00376666
413 0.611842 0.372451 -0.514729 -0.547871 -0.514729 0.000126579 -0.462632 0.000126579
414 0.0165806 0.773021 -0.162735 -0.661577 -0.162735 -0.568063 -0.205581 -0.568063
415 0.278511 0.159444 0.495404 -0.189837 0.495404 0.00376666 -0.132543 0.00376666
416 0.79099 0.0187219 0 -0.328937 0 0 -0.241436 0
417 0.3867 0.312556 0 -0.664115 0 0 0.0665346 0
418 0.185717 0.0391804 -0.537454 -0.285651 -0.537454 -1.16563 -0.12222 -1.16563
419 0.624449 0.983925 0.0731753 -1.62704 0.0731753 -0.141672 -0.310052 -0.141672
420 0.235293 0.0466226 0.0366139 -0.247155 0.0366139 -0.195013 -0.119354 -0.195013
421 0.986276 0.172922 0.0731753 -0.450737 0.0731753 -0.141672 -0.184169 -0.141672
422 0.484694 0.477701 0.146351 -0.463966 0.146351 -0.283344 -0.309426 -0.283344
423 0.82241 0.0684799 0.0731753 -0.446913 0.0731753 -0.141672 -0.316786 -0.141672
424 0.176486 0.406083 -1.62702 -0.378998 -1.62702 0.181003 -0.0969544 0.181003
425 0.354353 0.601328 -1.87236 -0.662176 -1.87236 -0.136676 -0.329169 -0.136676
426 0.496664 0.449744 0.146351 -0.439021 0.146351 -0.283344 -0.318028 -0.283344
427 0.204038 0.252303 -0.645207 -0.391974 -0.645207 0.0787415 -0.0779522 0.0787415
428 0.0148874 0.387219 0.188721 -0.103313 0.188721 0.0811444 -0.318839 0.0811444
429 0.63285 0.0220444 0 -0.246315 0 0 -0.12029 0
430 0.0499187 0.587369 0 -0.322811 0 0 -0.184808 0
431 0.02432 0.370905 0.0731753 -0.227161 0.0731753 -0.141672 -0.242694 -0.141672
432 0.685715 0.553327 0 -0.586142 0 0 -0.540995 0
433 0.0227246 0.973392 0.0731753 -0.704096 0.0731753 -0.141672 -0.241212 -0.141672
434 0.388248 0.330167 0.0731753 -0.529512 0.0731753 -0.141672 -0.00937103 -0.141672
435 0.834385 0.505465 0.0731753 -0.596657 0.0731753 -0.141672 -0.530241 -0.141672
436 0.157309 0.240545 0.0731753 -0.371107 0.0731753 -0.141672 -0.108948 -0.141672
437 0.247291 0.0335001 0 -0.244569 0 0 -0.112923 0
438 0.177747 0.474631 0.0731753 -0.161053 0.0731753 -0.141672 -0.119794 -0.141672
439 0.770751 0.347842 0.0731753 -0.537836 0.0731753 -0.141672 -0.613336 -0.141672
440 0.985177 0.165338 0 -0.444521 0 0 -0.164867 0
441 0.415077 0.0228495 0 -0.251836 0 0 -0.00641565 0
442 0.272398 0.796725 0.0731753 -0.645057 0.0731753 -0.141672 -0.262121 -0.141672
443 0.317552 0.178349 0 -0.373354 0 0 -0.0248803 0
444 0.977166 0.95278 0.0731753 -0.721017 0.0731753 -0.141672 -0.317183 -0.141672
445 0.991688 0.591472 0.0731753 -0.62104 0.0731753 -0.141672 -0.390937 -0.141672
446 0.261789 0.975372 0.146351 -0.745813 0.146351 -0.283344 -0.289796 -0.283344
447 0.721392 0.182762 0.146351 -0.551554 0.146351 -0.283344 -0.313358 -0.283344
448 0.33842 0.144397 0 -0.352792 0 0 -0.0188451 0
449 0.624937 0.345718 -0.441553 -0.565476 -0.441553 -0.141546 -0.449847 -0.141546
450 0.829602 0.0262465 0 -0.356509 0 0 -0.181906 0
451 0.00140702 0.215967 0.24563 -0.376281 0.24563 -0.121979 -0.149847 -0.121979
452 0.452153 0.983667 0.0731753 -0.858714 0.0731753 -0.141672 -0.338803 -0.141672
453 0.85239 0.0214023 0 -0.335757 0 0 -0.17437 0
454 0.288879 0.794898 0.0731753 -0.655111 0.0731753 -0.141672 -0.265903 -0.141672
455 0.982057 0.620856 0.146351 -0.638714 0.146351 -0.283344 -0.389174 -0.283344
456 0.350128 0.148472 -0.644069 -0.366127 -0.644069 -0.4228 -0.00469044 -0.4228
457 0.998581 0.191483 0.0731753 -0.461718 0.0731753 -0.141672 -0.214116 -0.141672
458 0.359776 0.335383 0.146351 -0.543248 0.146351 -0.283344 0.00464235 -0.283344
459 0.0770943 0.371287 0 -0.323661 0 0 -0.169673 0
460 0.958215 0.596848 0.251998 -0.645255 0.251998 -0.43333 -0.40842 -0.43333
461 0.495457 0.472866 0.146351 -0.475048 0.146351 -0.283344 -0.327985 -0.283344
462 0.994904 0.350122 -0.162735 -0.52609 -0.162735 -0.568063 -0.359308 -0.568063
463 0.0607462 0.387205 -1.57167 -0.270029 -1.57167 -0.164528 -0.204993 -0.164528
464 0.237855 0.806717 0.0731753 -0.629082 0.0731753 -0.141672 -0.254407 -0.141672
465 0.0153205 0.197656 0 -0.375817 0 0 -0.144653 0
466 0.356634 0.18114 0.0731753 -0.419763 0.0731753 -0.141672 0.0104775 -0.141672
467 0.988917 0.938797 -0.965824 -0.713048 -0.965824 -0.0126451 -0.318391 -0.0126451
468 0.820084 0.504013 0.146351 -0.588739 0.146351 -0.283344 -0.556852 -0.283344
469 0.363947 0.311708 0.146351 -0.64222 0.146351 -0.283344 0.135103 -0.283344
470 0.824646 0.0515652 0.146351 -0.465411 0.146351 -0.283344 -0.262936 -0.283344
471 0.794082 0.483317 0.146351 -0.561786 0.146351 -0.283344 -0.597455 -0.283344
472 0.968326 0.587842 0.146351 -0.632615 0.146351 -0.283344 -0.403403 -0.283344
473 0.0533521 0.0298602 0.0731753 -0.360688 0.0731753 -0.141672 -0.130389 -0.141672
474 0.0154955 0.380201 0 -0.168304 0 0 -0.2797 0
475 0.204201 0.303673 0.146351 -0.431664 0.146351 -0.283344 -0.0601211 -0.283344
476 0.441612 0.019978 0.0731753 -0.256061 0.0731753 -0.141672 0.0132245 -0.141672
477 0.352549 0.338834 -0.525731 -0.535579 -0.525731 0.0470197 -0.0174656 0.0470197
478 0.543636 0.227977 0.146351 -0.191916 0.146351 -0.283344 0.123243 -0.283344
479 0.519712 0.707437 0.146351 -0.79613 0.146351 -0.283344 -0.337318 -0.283344
480 0.354974 0.348365 0.0731753 -0.540866 0.0731753 -0.141672 -0.0514011 -0.141672
481 0.442101 0.969833 0.146351 -0.875686 0.146351 -0.283344 -0.350873 -0.283344
482 0.0106867 0.766726 0.146351 -0.642541 0.146351 -0.283344 -0.205951 -0.283344
483 0.215443 0.0196396 0 -0.279117 0 0 -0.113655 0
484 0.062087 0.0411053 0 -0.357294 0 0 -0.130113 0
485 0.0136171 0.00388751 0.0731753 -0.372423 0.0731753 -0.141672 -0.133686 -0.141672
486 0.983038 0.01693 1.86664 -0.33735 1.86664 -0.539768 0.239279 -0.539768
487 0.821525 0.485032 0.0731753 -0.576064 0.0731753 -0.141672 -0.548276 -0.141672
488 0.355206 0.161366 0.251548 -0.390327 0.251548 -0.184987 0.00179834 -0.184987
489 0.972235 0.550362 0 -0.610698 0 0 -0.406165 0
490 0.435777 0.01643 0.276178 -0.258173 0.276178 -0.197371 0.00652352 -0.197371
491 0.807121 0.501366 0.0731753 -0.580156 0.0731753 -0.141672 -0.577602 -0.141672
492 0.647724 0.559442 0 -0.598362 0 0 -0.448885 0
493 0.195517 0.241405 0.146351 -0.374877 0.146351 -0.283344 -0.0899263 -0.283344
494 0.398776 0.810836 0.8928 -0.752646 0.8928 -0.763283 -0.358199 -0.763283
495 0.167053 0.2348 0.0731753 -0.364113 0.0731753 -0.141672 -0.107005 -0.141672
496 0.180948 0.204474 0 -0.301969 0 0 -0.126449 0
497 0.0212482 0.0205694 0 -0.369937 0 0 -0.133352 0
498 0.623095 0.00169415 0.0731753 -0.19769 0.0731753 -0.141672 -0.0120927 -0.141672
499 0.0308584 0.0138384 0.0731753 -0.3679 0.0731753 -0.141672 -0.132149 -0.141672
500 0.390571 0.329638 0.335071 -0.530948 0.335071 -0.2022 -0.00244859 -0.2022
501 0.0143574 0.982022 0 -0.695703 0 0 -0.241279 0
502 0.0184772 0.00939473 0.146351 -0.370927 0.146351 -0.283344 -0.133235 -0.283344
503 0.338172 0.363836 0.0731753 -0.607589 0.0731753 -0.141672 -0.0965174 -0.141672
504 0.247588 0.977354 0.0731753 -0.751327 0.0731753 -0.141672 -0.283495 -0.141672
505 0.358111 0.648234 0.146351 -0.559137 0.146351 -0.283344 -0.044564 -0.283344
506 0.801456 0.986755 0.0731753 -0.928626 0.0731753 -0.141672 -0.319066 -0.141672
507 0.973725 0.974804 0 -0.721625 0 0 -0.314887 0
508 0.465012 0.0376178 0.0731753 -0.226801 0.0731753 -0.141672 0.034646 -0.141672
509 0.295097 0.780234 0.335071 -0.658396 0.335071 -0.2022 -0.259231 -0.2022
510 0.0260045 0.205196 0.0731753 -0.375032 0.0731753 -0.141672 -0.143921 -0.141672
511 0.397325 0.338063 0.422529 -0.445969 0.422529 -0.480715 -0.0475151 -0.480715
512 0.523433 0.209651 0.146351 -0.320795 0.146351 -0.283344 0.00362145 -0.283344
513 0.605568 0.384996 0.146351 -0.538674 0.146351 -0.283344 -0.458684 -0.283344
514 0.477043 0.0142767 0.335071 -0.251653 0.335071 -0.2022 0.00288866 -0.2022
515 0.716094 0.193874 0.0731753 -0.564972 0.0731753 -0.141672 -0.348106 -0.141672
516 0.997992 0.346413 0.146351 -0.523993 0.146351 -0.283344 -0.354994 -0.283344
517 0.0278249 0.0134719 0 -0.368638 0 0 -0.132474 0
518 0.194589 0.254654 -0.472753 -0.389306 -0.472753 0.0984347 -0.0837844 0.0984347
519 0.2037 0.80507 0 -0.617653 0 0 -0.243758 0
520 0.535329 0.66565 0.0731753 -0.771894 0.0731753 -0.141672 -0.254759 -0.141672
521 0.837197 0.0319453 0.0160876 -0.371697 0.0160876 -0.859721 -0.185958 -0.859721
522 0.0176524 0.78858 0.251998 -0.661509 0.251998 -0.43333 -0.207138 -0.43333
523 0.730605 0.195993 0 -0.555145 0 0 -0.359486 0
524 0.0494634 0.39622 0.146351 -0.215992 0.146351 -0.283344 -0.24023 -0.283344
525 0.816429 0.955132 0.70063 -0.960803 0.70063 -0.611008 -0.324775 -0.611008
526 0.434199 0.995702 0.0731753 -0.86962 0.0731753 -0.141672 -0.352842 -0.141672
527 0.354217 0.187719 0.146351 -0.425288 0.146351 -0.283344 0.0131015 -0.283344
528 0.178999 0.647444 0.721857 -0.403873 0.721857 -0.205549 -0.186637 -0.205549
529 0.207631 0.634382 0.0731753 -0.43817 0.0731753 -0.141672 -0.18755 -0.141672
530 0.220791 0.0234794 0.795032 -0.27361 0.795032 -0.347222 -0.113614 -0.347222
531 0.643333 0.0168585 0.0731753 -0.227788 0.0731753 -0.141672 -0.197504 -0.141672
532 0.442013 0.989289 0.322695 -0.86342 0.322695 -0.438255 -0.345716 -0.438255
533 0.349271 0.165107 0.0731753 -0.388337 0.0731753 -0.141672 -0.00239891 -0.141672
534 0.194365 0.480853 0.658439 -0.284369 0.658439 -0.0543246 -0.0853352 -0.0543246
535 0.860469 0.0385923 -0.162735 -0.385243 -0.162735 -0.568063 -0.176788 -0.568063
536 0.979886 0.00222586 0 -0.353229 0 0 0.137894 0
537 0.993225 0.984604 0.0731753 -0.707692 0.0731753 -0.141672 -0.313432 -0.141672
538 0.183622 0.64908 0 -0.419854 0 0 -0.189019 0
539 0.9899 0.374196 0 -0.533546 0 0 -0.372019 0
540 0.195727 0.222492 -1.86844 -0.339752 -1.86844 -0.704713 -0.104856 -0.704713
541 0.0215114 0.368981 0.0731753 -0.232234 0.0731753 -0.141672 -0.240453 -0.141672
542 0.454978 0.00208504 0 -0.263056 0 0 0.00379367 0
543 0.956225 0.75749 -0.0895596 -0.700645 -0.0895596 -0.709735 -0.352464 -0.709735
544 0.606659 0.998068 0.0731753 -1.26991 0.0731753 -0.141672 -0.305546 -0.141672
545 0.500225 0.465323 0.690327 -0.474121 0.690327 -0.229146 -0.335661 -0.229146
546 0.977608 0.955637 -0.644069 -0.720902 -0.644069 -0.4228 -0.316879 -0.4228
547 0.213847 0.0181492 0.0731753 -0.279117 0.0731753 -0.141672 -0.113655 -0.141672
548 0.71006 0.81418 0.178822 -1.11925 0.178822 -0.291658 -0.229704 -0.291658
549 0.165772 0.254485 0.146351 -0.38367 0.146351 -0.283344 -0.0998611 -0.283344
550 0.984018 0.329217 0.146351 -0.521092 0.146351 -0.283344 -0.355518 -0.283344
551 0.95866 0.578719 0 -0.635634 0 0 -0.411576 0
552 0.990241 0.192115 0.146351 -0.463019 0.146351 -0.283344 -0.219491 -0.283344
553 0.508852 0.00529478 0.0731753 -0.362097 0.0731753 -0.141672 -0.0977474 -0.141672
554 0.245767 0.0255764 0.0731753 -0.249835 0.0731753 -0.141672 -0.111981 -0.141672
555 0.994476 0.981147 0.721857 -0.707889 0.721857 -0.205549 -0.313716 -0.205549
556 0.175189 0.436505 0.61495 -0.32594 0.61495 -0.461399 -0.100304 -0.461399
557 0.750862 0.162377 0.146351 -0.524733 0.146351 -0.283344 -0.288772 -0.283344
558 0.610762 0.993345 0.146351 -1.31865 0.146351 -0.283344 -0.306092 -0.283344
559 0.956517 0.0205792 0.0731753 -0.357239 0.0731753 -0.141672 0.105126 -0.141672
560 0.232636 0.959684 -0.23591 -0.749571 -0.23591 -0.426391 -0.277328 -0.426391
561 0.426874 0.997699 0.568579 -0.880599 0.568579 -0.137905 -0.361948 -0.137905
562 0.298177 0.785676 0.466289 -0.659875 0.466289 -0.150502 -0.263848 -0.150502
563 0.227469 0.00811938 0.146351 -0.272895 0.146351 -0.283344 -0.110376 -0.283344
564 0.472951 0.453583 0.422529 -0.391403 0.422529 -0.480715 -0.299202 -0.480715
565 0.772509 0.943053 0.146351 -1.13249 0.146351 -0.283344 -0.337184 -0.283344
566 0.213558 0.452756 0.0731753 -0.44409 0.0731753 -0.141672 -0.00646496 -0.141672
567 0.0266937 0.983221 -0.357913 -0.724648 -0.357913 0.346866 -0.243238 0.346866
568 0.188279 0.627149 0.611249 -0.351261 0.611249 -0.399571 -0.18378 -0.399571
569 0.764365 0.671068 0.146351 -0.822531 0.146351 -0.283344 -0.348575 -0.283344
570 0.152788 0.484396 0.0731753 0.301556 0.0731753 -0.141672 -0.204517 -0.141672
571 0.966445 0.360201 0.0731753 -0.532955 0.0731753 -0.141672 -0.381842 -0.141672
572 0.813263 0.941012 0.0731753 -1.00215 0.0731753 -0.141672 -0.328842 -0.141672
573 0.573254 0.988157 0.0731753 -1.03654 0.0731753 -0.141672 -0.30175 -0.141672
574 0.256276 0.806877 0.146351 -0.638585 0.146351 -0.283344 -0.2603 -0.283344
575 0.966412 0.192254 0.0731753 -0.467408 0.0731753 -0.141672 -0.236538 -0.141672
576 0.813161 0.460734 0.0731753 -0.562488 0.0731753 -0.141672 -0.553561 -0.141672
577 0.223685 0.961738 0.178462 -0.763596 0.178462 1.07409 -0.273617 1.07409
578 0.377499 0.159673 0.178822 -0.399674 0.178822 -0.291658 -0.00376309 -0.291658
579 0.448615 0.818788 0.0731753 -0.801937 0.0731753 -0.141672 -0.361678 -0.141672
580 0.188863 0.451037 0.0731753 -0.337103 0.0731753 -0.141672 -0.0800482 -0.141672
581 0.992591 0.631141 0.146351 -0.637942 0.146351 -0.283344 -0.382865 -0.283344
582 0.977884 0.624133 0.115367 -0.643333 0.115367 -0.698355 -0.391117 -0.698355
583 0.713777 0.174306 0.0731753 -0.587385 0.0731753 -0.141672 -0.282539 -0.141672
584 0.368131 0.33879 0.146351 -0.530154 0.146351 -0.283344 -0.0263553 -0.283344
585 0.969918 0.375336 0.146351 -0.537267 0.146351 -0.283344 -0.386256 -0.283344
586 0.42153 0.0271179 -0.162735 -0.255181 -0.162735 -0.568063 0.00356007 -0.568063
587 0.461436 0.464083 -0.162735 -0.416331 -0.162735 -0.568063 -0.281033 -0.568063
588 0.960063 0.367611 0.146351 -0.536227 0.146351 -0.283344 -0.389269 -0.283344
589 0.408781 0.330624 0.146351 -0.412061 0.146351 -0.283344 -0.0391528 -0.283344
590 0.424338 0.00903577 -1.31588 -0.257442 -1.31588 -0.107591 -0.0075207 -0.107591
591 0.853305 0.509236 0.325173 -0.608115 0.325173 -0.575002 -0.50848 -0.575002
592 0.680475 0.804755 0.0731753 -1.04193 0.0731753 -0.141672 -0.268403 -0.141672
593 0.179476 0.680469 0.0731753 -0.483946 0.0731753 -0.141672 -0.202697 -0.141672
594 0.46663 0.99505 0.0731753 -0.846539 0.0731753 -0.141672 -0.324399 -0.141672
595 0.355341 0.362401 0 -0.582563 0 0 -0.0991992 0
596 0.980123 0.176795 -0.23591 -0.453783 -0.23591 -0.426391 -0.194675 -0.426391
597 0.989989 0.923532 -0.762319 -0.712726 -0.762319 -0.983883 -0.320005 -0.983883
598 0.222772 0.266223 0.146351 -0.417452 0.146351 -0.283344 -0.0528368 -0.283344
599 0.978495 0.159253 0.146351 -0.441957 0.146351 -0.283344 -0.159003 -0.283344
600 0.986013 0.184497 0 -0.458289 0 0 -0.206594 0
601 0.486484 0.460358 0.0258963 -0.437844 0.0258963 -0.137801 -0.30912 -0.137801
602 0.0359787 0.972819 0.146351 -0.735031 0.146351 -0.283344 -0.243272 -0.283344
603 0.66679 0.573479 0.0731753 -0.615834 0.0731753 -0.141672 -0.457304 -0.141672
604 0.962718 0.175398 0.0731753 -0.457616 0.0731753 -0.141672 -0.210174 -0.141672
605 0.238009 0.975496 0.24563 -0.75909 0.24563 -0.121979 -0.279064 -0.121979
606 0.8369 0.0401293 0.0731753 -0.398185 0.0731753 -0.141672 -0.202437 -0.141672
607 0.430053 0.475257 0.0731753 -0.42242 0.0731753 -0.141672 -0.166165 -0.141672
608 0.739121 0.214072 0.349353 -0.598627 0.349353 -0.339043 -0.456198 -0.339043
609 0.0170782 0.222878 0.146351 -0.375158 0.146351 -0.283344 -0.147781 -0.283344
610 0.988537 0.378991 0 -0.535201 0 0 -0.374037 0
611 0.997149 0.576094 0.0731753 -0.612065 0.0731753 -0.141672 -0.389913 -0.141672
612 0.971409 0.603334 0.349353 -0.638942 0.349353 -0.339043 -0.398567 -0.339043
613 0.454145 0.991929 0.0731753 -0.851448 0.0731753 -0.141672 -0.334167 -0.141672
614 0.785952 0.633063 0.0731753 -0.743183 0.0731753 -0.141672 -0.445924 -0.141672
615 0.740062 0.197901 0.0731753 -0.561733 0.0731753 -0.141672 -0.392334 -0.141672
616 0.529533 0.246534 0 -0.391336 0 0 -0.221217 0
617 0.845471 0.473132 0.349353 -0.577058 0.349353 -0.339043 -0.513559 -0.339043
618 0.53348 0.196546 0.261896 -0.217319 0.261896 -0.0605277 0.146579 -0.0605277
619 0.978249 0.781054 -0.717034 -0.692596 -0.717034 -0.456174 -0.344798 -0.456174
620 0.154087 0.218767 0.0731753 -0.351974 0.0731753 -0.141672 -0.116716 -0.141672
621 0.175037 0.473365 0.648053 -0.129971 0.648053 0.180757 -0.127057 0.180757
622 0.84242 0.464323 0.113443 -0.571915 0.113443 -0.765434 -0.519288 -0.765434
623 0.207942 0.419229 -2.42266 -0.411538 -2.42266 -0.195432 -0.058346 -0.195432
624 0.230328 0.00812666 0.146351 -0.270285 0.146351 -0.283344 -0.110223 -0.283344
625 0.379715 0.166255 0.0731753 -0.414489 0.0731753 -0.141672 -0.00730283 -0.141672
626 0.219204 0.798966 0.146351 -0.618757 0.146351 -0.283344 -0.24774 -0.283344
627 0.297991 0.786655 0.146351 -0.659875 0.146351 -0.283344 -0.263848 -0.283344
628 0.60721 0.369006 0.0731753 -0.523584 0.0731753 -0.141672 -0.412663 -0.141672
629 0.0256287 0.365105 0.0731753 -0.246914 0.0731753 -0.141672 -0.23104 -0.141672
630 0.998755 0.329578 -0.386992 -0.518423 -0.386992 -0.430928 -0.344845 -0.430928
631 0.815256 0.314143 1.70613 -0.572801 1.70613 -0.773423 -0.549407 -0.773423
632 0.655043 0.57642 0.0731753 -0.619722 0.0731753 -0.141672 -0.430756 -0.141672
633 0.976297 0.988897 0.0731753 -0.72017 0.0731753 -0.141672 -0.313457 -0.141672
634 0.174905 0.433347 0.146351 -0.332775 0.146351 -0.283344 -0.0997823 -0.283344
635 0.455353 0.0349647 -0.911823 -0.241579 -0.911823 0.101641 0.0324408 0.101641
636 0.767144 0.667209 0.325173 -0.810015 0.325173 -0.575002 -0.35717 -0.575002
637 0.0247127 0.822818 0 -0.657282 0 0 -0.212747 0
638 0.692927 0.870169 -0.871022 -1.2261 -0.871022 0.450307 -0.337011 0.450307
639 0.0437591 0.785725 0.146351 -0.76609 0.146351 -0.283344 -0.197412 -0.283344
640 0.182861 0.444535 0.146351 -0.328568 0.146351 -0.283344 -0.0898185 -0.283344
641 0.695421 0.545807 0.0731753 -0.564787 0.0731753 -0.141672 -0.592133 -0.141672
642 0.377413 0.657659 0.146351 -0.653002 0.146351 -0.283344 -0.272731 -0.283344
643 0.596188 0.387733 0 -0.529106 0 0 -0.440647 0
644 0.798392 0.654592 0.0731753 -0.769568 0.0731753 -0.141672 -0.416526 -0.141672
645 0.177742 0.481169 0.146351 -0.0939268 0.146351 -0.283344 -0.129882 -0.283344
646 0.22928 0.999545 0.0731753 -0.788139 0.0731753 -0.141672 -0.276847 -0.141672
647 0.829428 0.648582 0.172455 -0.793776 0.172455 0.0196932 -0.447927 0.0196932
648 0.981646 0.996975 0.146351 -0.715397 0.146351 -0.283344 -0.312459 -0.283344
649 0.445968 0.0112334 0.349353 -0.259236 0.349353 -0.339043 0.00784805 -0.339043
650 0.257272 0.839946 0.146351 -0.653742 0.146351 -0.283344 -0.267719 -0.283344
651 0.353786 0.181202 0.0731753 -0.417116 0.0731753 -0.141672 0.00914252 -0.141672
652 0.357715 0.345672 0.182964 -0.534845 0.182964 -0.478357 -0.0426804 -0.478357
653 0.827971 0.0270957 0.0731753 -0.362426 0.0731753 -0.141672 -0.187701 -0.141672
654 0.406096 0.98791 0.146351 -0.965414 0.146351 -0.283344 -0.414279 -0.283344
655 0.696803 0.826848 0 -1.07954 0 0 -0.271966 0
656 0.0437551 0.820077 0.0731753 -0.69549 0.0731753 -0.141672 -0.209096 -0.141672
657 0.449554 0.985512 0.0731753 -0.859406 0.0731753 -0.141672 -0.340767 -0.141672
658 0.0114774 0.985572 0 -0.69214 0 0 -0.24119 0
659 0.660291 0.586773 0.146351 -0.63744 0.146351 -0.283344 -0.417604 -0.283344
660 0.189799 0.651986 -0.890685 -0.436404 -0.890685 -0.439374 -0.191717 -0.439374
661 0.421479 0.977372 0.146351 -0.934187 0.146351 -0.283344 -0.393054 -0.283344
662 0.799045 0.654914 0.146351 -0.769568 0.146351 -0.283344 -0.416526 -0.283344
663 0.179396 0.657048 0.146351 -0.43478 0.146351 -0.283344 -0.191887 -0.283344
664 0.0110028 0.779988 0 -0.647494 0 0 -0.207152 0
665 0.971267 0.960479 0.0731753 -0.724799 0.0731753 -0.141672 -0.316436 -0.141672
666 0.392493 0.345567 0.0731753 -0.447454 0.0731753 -0.141672 -0.0736202 -0.141672
667 0.545344 0.688955 0 -0.879128 0 0 -0.335858 0
668 0.204603 0.95487 0.0731753 -0.793802 0.0731753 -0.141672 -0.267847 -0.141672
669 0.163494 0.196353 -0.831404 -0.305903 -0.831404 -0.548683 -0.130564 -0.548683
670 0.62826 0.0242538 0 -0.255521 0 0 -0.109293 0
671 0.9602 0.00649981 0.511491 -0.360176 0.511491 -0.855954 0.0800887 -0.855954
672 0.81488 0.0287699 0.349353 -0.319718 0.349353 -0.339043 -0.191154 -0.339043
673 0.987991 0.787057 -0.440856 -0.687803 -0.440856 -0.653545 -0.342023 -0.653545
674 0.289648 0.789513 0.172455 -0.654589 0.172455 0.0196932 -0.263152 0.0196932
675 0.478429 0.488239 0.0731753 -0.473738 0.0731753 -0.141672 -0.304393 -0.141672
676 0.00757302 0.195038 0.0731753 -0.376745 0.0731753 -0.141672 -0.145884 -0.141672
677 0.0184639 0.234765 0.24563 -0.374138 0.24563 -0.121979 -0.148912 -0.121979
678 0.556465 0.223257 0.0731753 -0.11517 0.0731753 -0.141672 0.25709 -0.141672
679 0.0374266 0.810795 -0.835494 -0.692686 -0.835494 -0.842211 -0.207702 -0.842211
680 0.801328 0.280013 0.146351 -0.600493 0.146351 -0.283344 -0.583193 -0.283344
681 0.437963 0.0104462 0.0731753 -0.259854 0.0731753 -0.141672 0.00409836 -0.141672
682 0.0293008 0.399565 0.0731753 -0.104034 0.0731753 -0.141672 -0.313418 -0.141672
683 0.974743 0.620554 0.146351 -0.644113 0.146351 -0.283344 -0.39317 -0.283344
684 0.18 0.673365 0.146351 -0.475643 0.146351 -0.283344 -0.200848 -0.283344
685 0.525559 0.726749 0.0731753 -0.820147 0.0731753 -0.141672 -0.342371 -0.141672
686 0.645408 0.383673 0.0731753 -0.650743 0.0731753 -0.141672 -0.695131 -0.141672
687 0.209085 0.0474254 -0.162735 -0.262095 -0.162735 -0.568063 -0.123955 -0.568063
688 0.924257 0.765075 0.63331 -0.728141 0.63331 0.434232 -0.350586 0.434232
689 0.221976 0.00319441 0.24563 -0.280003 0.24563 -0.121979 -0.109987 -0.121979
690 0.264195 0.835124 0.146351 -0.654935 0.146351 -0.283344 -0.269537 -0.283344
691 0.0251499 0.222258 -0.511218 -0.374811 -0.511218 -0.208035 -0.14593 -0.208035
692 0.558356 0.978057 0.146351 -0.983224 0.146351 -0.283344 -0.301075 -0.283344
693 0.716221 0.217771 0.648053 -0.587685 0.648053 0.180757 -0.384674 0.180757
694 0.429485 0.823844 0.877558 -0.80009 0.877558 -1.03439 -0.357542 -1.03439
695 0.545194 0.197973 0.146351 -0.115493 0.146351 -0.283344 0.292959 -0.283344
696 0.35593 0.34941 0 -0.537334 0 0 -0.0536013 0
697 0.171965 0.455025 0.0731753 -0.255938 0.0731753 -0.141672 -0.11104 -0.141672
698 0.427014 0.95562 0.146351 -0.917461 0.146351 -0.283344 -0.37945 -0.283344
699 0.221249 0.297476 0.176372 -0.44134 0.176372 0.437206 -0.0407351 0.437206
700 0.784287 0.945384 -0.717034 -1.09361 -0.717034 -0.456174 -0.334864 -0.456174
701 0.444561 0.0208816 0.105968 -0.255251 0.105968 0.200511 0.0143647 0.200511
702 0.698804 0.20456 0.528176 -0.614847 0.528176 -0.630701 -0.381935 -0.630701
703 0.153177 0.267452 -0.467267 -0.390467 -0.467267 -2.6437 -0.103998 -2.6437
704 0.362887 0.320652 0.0731753 -0.603551 0.0731753 -0.141672 0.0776875 -0.141672
705 0.474333 0.474413 0.146351 -0.446204 0.146351 -0.283344 -0.29154 -0.283344
706 0.719519 0.171442 0.146351 -0.581447 0.146351 -0.283344 -0.272177 -0.283344
707 0.819527 0.30724 0 -0.575457 0 0 -0.542994 0
708 0.417542 0.0128793 -0.162426 -0.25357 -0.162426 -1.57428 -0.00913796 -1.57428
709 0.688327 0.529134 0.0731753 -0.555255 0.0731753 -0.141672 -0.595127 -0.141672
710 0.99103 0.171398 -0.162735 -0.449751 -0.162735 -0.568063 -0.179867 -0.568063
711 0.72057 0.228454 0 -0.620355 0 0 -0.451538 0
712 0.0374741 0.396839 0 -0.152072 0 0 -0.283169 0
713 0.0273968 0.966772 0.422529 -0.710346 0.422529 -0.480715 -0.241328 -0.480715
714 0.54391 0.191857 0.146351 0.211813 0.146351 -0.283344 0.768311 -0.283344
715 0.979708 0.189841 0 -0.462826 0 0 -0.22076 0
716 0.267888 0.976345 0.0731753 -0.747462 0.0731753 -0.141672 -0.29275 -0.141672
717 0.948483 0.992736 0.0731753 -0.738419 0.0731753 -0.141672 -0.313821 -0.141672
718 0.977522 0.00975357 0.0731753 -0.34662 0.0731753 -0.141672 0.179601 -0.141672
719 0.697693 0.793636 0.0731753 -1.09075 0.0731753 -0.141672 -0.236764 -0.141672
720 0.955444 0.0254337 0.146351 -0.354779 0.146351 -0.283344 0.125123 -0.283344
721 0.987212 0.614376 0.146351 -0.634831 0.146351 -0.283344 -0.389116 -0.283344
722 0.990781 0.955076 0.146351 -0.710935 0.146351 -0.283344 -0.316445 -0.283344
723 0.0157053 0.948187 0.146351 -0.674021 0.146351 -0.283344 -0.237345 -0.283344
724 0.295861 0.795588 0.349353 -0.659041 0.349353 -0.339043 -0.269139 -0.339043
725 0.830747 0.00754925 0.146351 -0.298922 0.146351 -0.283344 -0.167637 -0.283344
726 0.694586 0.835312 -0.548302 -1.08689 -0.548302 0.375372 -0.287674 0.375372
727 0.0421212 0.562428 0.186619 -0.301637 0.186619 -0.907106 -0.189919 -0.907106
728 0.222327 0.478516 0 -0.402246 0 0 -0.0404813 0
729 0.825175 0.0285765 0.771582 -0.358107 0.771582 -0.193604 -0.189189 -0.193604
730 0.241361 0.977243 0.251998 -0.755475 0.251998 -0.43333 -0.281257 -0.43333
731 0.0150073 0.214824 -0.0895596 -0.375771 -0.0895596 -0.709735 -0.14719 -0.709735
732 0.654693 0.557656 0.146351 -0.593996 0.146351 -0.283344 -0.470107 -0.283344
733 0.428363 0.0227379 0.0731753 -0.256919 0.0731753 -0.141672 0.00675605 -0.141672
734 0.41777 0.0132267 0 -0.25357 0 0 -0.00913796 0
735 0.269689 0.805984 0.24563 -0.645504 0.24563 -0.121979 -0.263862 -0.121979
736 0.476461 0.48058 0.532937 -0.463571 0.532937 0.398304 -0.297349 0.398304
737 0.64596 0.00750752 0.0731753 0.0298286 0.0731753 -0.141672 0.12445 -0.141672
738 0.441432 0.0464235 0.422529 -0.250198 0.422529 -0.480715 0.0372461 -0.480715
739 0.978692 0.16096 0.386182 -0.444172 0.386182 0.804633 -0.166018 0.804633
740 0.990822 0.00843222 0.146351 -0.344445 0.146351 -0.283344 0.198747 -0.283344
741 0.987682 0.196885 0.0731753 -0.46631 0.0731753 -0.141672 -0.228639 -0.141672
742 0.199923 0.0213873 0.146351 -0.28711 0.146351 -0.283344 -0.11595 -0.283344
743 0.695929 0.852642 0.0731753 -1.13588 0.0731753 -0.141672 -0.310882 -0.141672
744 0.643893 0.357969 -0.46465 -0.693565 -0.46465 -0.113405 -0.661164 -0.113405
745 0.207854 0.241448 -0.46465 -0.377969 -0.46465 -0.113405 -0.0811694 -0.113405
746 0.468621 0.0173468 0.0731753 -0.248917 0.0731753 -0.141672 0.011332 -0.141672
747 0.163322 0.264493 0.146351 -0.391452 0.146351 -0.283344 -0.0985181 -0.283344
748 0.194813 0.462811 0.0731753 -0.341578 0.0731753 -0.141672 -0.068987 -0.141672
749 0.82687 0.952739 0.422529 -0.936387 0.422529 -0.480715 -0.323808 -0.480715
750 0.691289 0.79847 0.0731753 -1.07465 0.0731753 -0.141672 -0.246877 -0.141672
751 0.187053 0.648792 -0.23591 -0.424237 -0.23591 -0.426391 -0.189634 -0.426391
752 0.683234 0.571921 0.0731753 -0.613587 0.0731753 -0.141672 -0.493853 -0.141672
753 0.435672 0.77326 0.0731753 -0.799864 0.0731753 -0.141672 -0.530359 -0.141672
754 0.974671 0.997447 0.146351 -0.71913 0.146351 -0.283344 -0.312617 -0.283344
755 0.8237 0.329339 0.0731753 -0.565844 0.0731753 -0.141672 -0.534467 -0.141672
756 0.538601 0.16873 0.0731753 -0.204258 0.0731753 -0.141672 0.22419 -0.141672
757 0.0249811 0.390836 0 -0.128644 0 0 -0.300747 0
758 0.216285 0.246667 0.146351 -0.389794 0.146351 -0.283344 -0.0708365 -0.283344
759 0.647883 0.0264571 0.0731753 -0.289467 0.0731753 -0.141672 -0.176183 -0.141672
760 0.84483 0.489461 0.0731753 -0.587164 0.0731753 -0.141672 -0.518294 -0.141672
761 0.995201 0.961054 0 -0.708885 0 0 -0.315753 0
762 0.660869 0.547386 0.146351 -0.583086 0.146351 -0.283344 -0.50377 -0.283344
763 0.0335734 0.99857 0.349353 -0.747614 0.349353 -0.339043 -0.245444 -0.339043
764 0.984282 0.991025 -0.497718 -0.714185 -0.497718 -0.706144 -0.312935 -0.706144
765 0.462496 0.449137 -0.528621 -0.359137 -0.528621 -1.42322 -0.333116 -1.42322
766 0.371813 0.356634 -0.159408 -0.513934 -0.159408 -0.507384 -0.0948858 -0.507384
767 0.221986 0.254694 0.0731753 -0.400503 0.0731753 -0.141672 -0.0620563 -0.141672
768 0.170124 0.238956 -0.609155 -0.370245 -0.609155 -0.733836 -0.103537 -0.733836
769 0.657982 0.534627 0 -0.570386 0 0 -0.533011 0
770 0.970336 0.183122 0.0731753 -0.461688 0.0731753 -0.141672 -0.220195 -0.141672
771 0.23069 0.0142935 0.423526 -0.26811 0.423526 -0.195096 -0.111017 -0.195096
772 0.0325546 0.806118 0.113443 -0.694058 0.113443 -0.765434 -0.206659 -0.765434
773 0.262523 0.977088 0.868208 -0.747007 0.868208 -0.488894 -0.289849 -0.488894
774 0.233278 0.0196319 0.349353 -0.263283 0.349353 -0.339043 -0.111707 -0.339043
775 0.686537 0.552425 -0.23591 -0.58165 -0.23591 -0.426391 -0.547722 -0.426391
776 0.0559402 0.016689 -0.644069 -0.360488 -0.644069 -0.4228 -0.129394 -0.4228
777 0.944788 0.988074 0.0731753 -0.743469 0.0731753 -0.141672 -0.314235 -0.141672
778 0.561438 0.187705 0.0731753 -0.333654 0.0731753 -0.141672 -0.041234 -0.141672
779 0.442454 0.985472 0.146351 -0.865766 0.146351 -0.283344 -0.346825 -0.283344
780 0.166882 0.260463 0.0731753 -0.390183 0.0731753 -0.141672 -0.0976111 -0.141672
781 0.0545155 0.20109 0.325173 -0.370832 0.325173 -0.575002 -0.137373 -0.575002
782 0.972399 0.0146466 0.868208 -0.347473 0.868208 -0.488894 0.172581 -0.488894
783 0.829911 0.0263811 0 -0.356509 0 0 -0.181906 0
784 0.213589 0.500281 0.146351 -0.414309 0.146351 -0.283344 -0.0858624 -0.283344
785 0.329333 0.165782 0 -0.373198 0 0 -0.0186757 0
786 0.183848 0.0407486 0.146351 -0.28558 0.146351 -0.283344 -0.123362 -0.283344
787 0.81068 0.979338 0.146351 -0.924132 0.146351 -0.283344 -0.319818 -0.283344
788 0.814816 0.0342157 0.146351 -0.34021 0.146351 -0.283344 -0.200054 -0.283344
789 0.566502 0.183466 0 -0.302563 0 0 -0.0188912 0
790 0.367787 0.168142 0.0731753 -0.40675 0.0731753 -0.141672 0.00490586 -0.141672
791 0.673092 0.565526 0.139761 -0.603569 0.139761 0.0700931 -0.492143 0.0700931
792 0.626734 0.346063 -0.904579 -0.578491 -0.904579 -0.407011 -0.472072 -0.407011
793 0.243098 0.82322 0.146351 -0.639127 0.146351 -0.283344 -0.259595 -0.283344
794 0.0494513 0.628205 0.146351 -0.394558 0.146351 -0.283344 -0.188755 -0.283344
795 0.788734 0.702212 0.568579 -0.872333 0.568579 -0.137905 -0.330847 -0.137905
796 0.355274 0.158487 0.146351 -0.386068 0.146351 -0.283344 0.00120932 -0.283344
797 0.994683 0.207079 -1.68257 -0.470114 -1.68257 -0.280125 -0.237848 -0.280125
798 0.974758 0.353031 0.146351 -0.52997 0.146351 -0.283344 -0.373503 -0.283344
799 0.808997 0.934775 0.146351 -1.04025 0.146351 -0.283344 -0.332116 -0.283344
800 0.739533 0.19212 0 -0.55095 0 0 -0.364901 0
801 0.441859 0.0204598 0.276178 -0.256061 0.276178 -0.197371 0.0132245 -0.197371
802 0.214113 0.936445 0.0734839 -0.737318 0.0734839 -1.14789 -0.268904 -1.14789
803 0.455357 0.0404672 -0.52451 -0.238817 -0.52451 -0.124337 0.0388287 -0.124337
804 0.98714 0.162292 0.146351 -0.442326 0.146351 -0.283344 -0.157866 -0.283344
805 0.660808 0.569723 0.0731753 -0.611654 0.0731753 -0.141672 -0.452855 -0.141672
806 0.532327 0.665448 0.0731753 -0.764532 0.0731753 -0.141672 -0.262553 -0.141672
807 0.0364905 0.988563 0.146351 -0.750572 0.146351 -0.283344 -0.245128 -0.283344
808 0.723792 0.197815 0.251998 -0.560433 0.251998 -0.43333 -0.360013 -0.43333
809 0.635001 0.372433 0.0731753 -0.631796 0.0731753 -0.141672 -0.611199 -0.141672
810 0.34684 0.565818 0.276178 -0.657483 0.276178 -0.197371 -0.322556 -0.197371
811 0.0145052 0.39769 0.0366139 0.00396962 0.0366139 -0.195013 -0.382287 -0.195013
812 0.189945 0.456895 0.0731753 -0.324188 0.0731753 -0.141672 -0.0811136 -0.141672
813 0.450342 0.0322804 0.0731753 -0.245425 0.0731753 -0.141672 0.0288377 -0.141672
814 0.170386 0.480069 0.0731753 0.019719 0.0731753 -0.141672 -0.154334 -0.141672
815 0.828235 0.309788 0 -0.570206 0 0 -0.526024 0
816 0.446523 0.00116754 0.146351 -0.264594 0.146351 -0.283344 6.51272e-05 -0.283344
817 0.151349 0.485759 1.04608 0.254416 1.04608 1.17155 -0.19922 1.17155
818 0.993646 0.560362 0.0731753 -0.605436 0.0731753 -0.141672 -0.392909 -0.141672
819 0.0312907 0.982563 -0.949639 -0.731403 -0.949639 -1.58295 -0.243664 -1.58295
820 0.214116 0.64348 0 -0.477444 0 0 -0.195758 0
821 0.985554 0.912509 0.349353 -0.71421 0.349353 -0.339043 -0.321439 -0.339043
822 0.820673 0.969623 0.422529 -0.921628 0.422529 -0.480715 -0.321234 -0.480715
823 0.0510721 0.373735 -1.27973 -0.273459 -1.27973 -0.275381 -0.207909 -0.275381
824 0.595423 0.364756 0 -0.487915 0 0 -0.365425 0
825 0.951682 0.631668 0 -0.665681 0 0 -0.401164 0
826 0.0334121 0.814336 0.0731753 -0.682215 0.0731753 -0.141672 -0.209138 -0.141672
827 0.19091 0.655039 0.335071 -0.448248 0.335071 -0.2022 -0.193971 -0.2022
828 0.244696 0.00975884 0.0731753 -0.253743 0.0731753 -0.141672 -0.110526 -0.141672
829 0.96863 0.0242589 0.536982 -0.339632 0.536982 -1.17476 0.223482 -1.17476
830 0.655505 0.0257796 0.0731753 -0.241317 0.0731753 -0.141672 -0.127068 -0.141672
831 0.737781 0.208694 0.146351 -0.584638 0.146351 -0.283344 -0.431622 -0.283344
832 0.355305 0.177602 0.0731753 -0.415549 0.0731753 -0.141672 0.00870962 -0.141672
833 0.0304827 0.375761 0.0731753 -0.218711 0.0731753 -0.141672 -0.246064 -0.141672
834 0.603651 0.946375 0.146351 -1.18217 0.146351 -0.283344 -0.293417 -0.283344
835 0.991002 0.989471 0.568579 -0.709024 0.568579 -0.137905 -0.312958 -0.137905
836 0.979218 0.977589 -0.399761 -0.717418 -0.399761 2.04625 -0.314436 2.04625
837 0.814428 0.0348831 0.0731753 -0.354637 0.0731753 -0.141672 -0.20873 -0.141672
838 0.990827 0.0381991 0.146351 -0.306464 0.146351 -0.283344 0.432316 -0.283344
839 0.463471 0.0146741 0.0731753 -0.253442 0.0731753 -0.141672 0.0113976 -0.141672
840 0.995217 0.00600803 0.325173 -0.347207 0.325173 -0.575002 0.183221 -0.575002
841 0.345348 0.190462 0.276178 -0.420371 0.276178 -0.197371 0.00985981 -0.197371
842 0.447045 0.0206798 0.146351 -0.255251 0.146351 -0.283344 0.0143647 -0.283344
843 0.377754 0.337326 0.146351 -0.526075 0.146351 -0.283344 -0.0232164 -0.283344
844 0.461253 0.00712288 0 -0.258397 0 0 0.00737976 0
845 0.4489 0.0345596 0.0892629 -0.24751 0.0892629 -1.00139 0.0279239 -1.00139
846 0.0142542 0.999205 0.0731753 -0.702985 0.0731753 -0.141672 -0.242806 -0.141672
847 0.689482 0.827062 -0.162735 -1.074 -0.162735 -0.568063 -0.277238 -0.568063
848 0.538152 0.661195 -1.1841 -0.762411 -1.1841 -2.68956 -0.235274 -2.68956
849 0.0196323 0.627104 0.422529 -0.407375 0.422529 -0.480715 -0.194154 -0.480715
850 0.981501 0.337873 0 -0.524107 0 0 -0.361773 0
851 0.991106 0.352881 -0.21644 -0.527343 -0.21644 -0.515492 -0.36232 -0.515492
852 0.457712 0.475232 0.0731753 -0.439048 0.0731753 -0.141672 -0.26198 -0.141672
853 0.545381 0.706224 0.146351 -0.852006 0.146351 -0.283344 -0.336433 -0.283344
854 0.257885 0.0105861 0.0731753 -0.231439 0.0731753 -0.141672 -0.112732 -0.141672
855 0.774118 0.312113 0 -0.564514 0 0 -0.626934 0
856 0.485815 0.0289168 -0.572032 -0.220315 -0.572032 -0.0629306 -0.00898849 -0.0629306
857 0.950213 0.534749 0.0731753 -0.610198 0.0731753 -0.141672 -0.421497 -0.141672
858 0.417693 0.980416 0 -0.941527 0 0 -0.398108 0
859 0.235101 0.283296 0.0731753 -0.441671 0.0731753 -0.141672 -0.0283078 -0.141672
860 0.386804 0.326896 0.0731753 -0.576587 0.0731753 -0.141672 0.0150363 -0.141672
861 0.988484 0.160936 0.146351 -0.441782 0.146351 -0.283344 -0.155406 -0.283344
862 0.660669 0.555756 0.0731753 -0.593037 0.0731753 -0.141672 -0.483514 -0.141672
863 0.666797 0.587145 0.0731753 -0.638376 0.0731753 -0.141672 -0.425636 -0.141672
864 0.0378643 0.390864 -0.23591 -0.190179 -0.23591 -0.426391 -0.259904 -0.426391
865 0.715905 0.80368 0.0731753 -1.13582 0.0731753 -0.141672 -0.217389 -0.141672
866 0.208321 0.253827 0.146351 -0.39407 0.146351 -0.283344 -0.0737499 -0.283344
867 0.845375 0.323127 0.0731753 -0.560464 0.0731753 -0.141672 -0.500028 -0.141672
868 0.973239 0.622472 0.0731753 -0.646038 0.0731753 -0.141672 -0.394549 -0.141672
869 0.976492 0.591591 0.146351 -0.628756 0.146351 -0.283344 -0.398227 -0.283344
870 0.98947 0.612859 0.146351 -0.632091 0.146351 -0.283344 -0.388384 -0.283344
871 0.243994 0.969594 0.172455 -0.747724 0.172455 0.0196932 -0.28204 0.0196932
872 0.993274 0.0269897 0.0731753 -0.317918 0.0731753 -0.141672 0.35696 -0.141672
873 0.825057 0.337552 0 -0.563761 0 0 -0.534996 0
874 0.53615 0.156256 0.0731753 -0.143703 0.0731753 -0.141672 0.32587 -0.141672
875 0.836235 0.331612 0.0731753 -0.562551 0.0731753 -0.141672 -0.516009 -0.141672
876 0.843815 0.474649 0.422529 -0.576501 0.422529 -0.480715 -0.516861 -0.480715
877 0.983359 0.180457 0.0731753 -0.456987 0.0731753 -0.141672 -0.203441 -0.141672
878 0.287913 0.783862 0.0259857 -0.652679 0.0259857 -0.486918 -0.259517 -0.486918
879 0.437412 0.848964 0 -0.886041 0 0 -0.348311 0
880 0.948379 0.993119 0.0731753 -0.740104 0.0731753 -0.141672 -0.313605 -0.141672
881 0.412696 0.790857 0.146351 -0.76023 0.146351 -0.283344 -0.413231 -0.283344
882 0.360777 0.161731 0.0731753 -0.393935 0.0731753 -0.141672 0.00386373 -0.141672
883 0.656133 0.550954 0.0731753 -0.586887 0.0731753 -0.141672 -0.490225 -0.141672
884 0.515119 0.229094 0.0731753 -0.317381 0.0731753 -0.141672 0.016021 -0.141672
885 0.981528 0.58973 0.422529 -0.627109 0.422529 -0.480715 -0.396721 -0.480715
886 0.435082 0.0241898 0.0731753 -0.256189 0.0731753 -0.141672 0.0130108 -0.141672
887 0.37016 0.368911 -0.162735 -0.533303 -0.162735 -0.568063 -0.127471 -0.568063
888 0.97648 0.93361 -0.570894 -0.721304 -0.570894 -0.564472 -0.319371 -0.564472
889 0.815888 0.951101 0.251998 -0.972939 0.251998 -0.43333 -0.326105 -0.43333
890 0.235746 0.78904 0.146351 -0.621354 0.146351 -0.283344 -0.25042 -0.283344
891 0.523811 0.681254 0.0731753 -0.774195 0.0731753 -0.141672 -0.310148 -0.141672
892 0.0514331 0.800993 0.0731753 -0.751738 0.0731753 -0.141672 -0.200441 -0.141672
893 0.539272 0.677827 0.146351 -0.815165 0.146351 -0.283344 -0.269077 -0.283344
894 0.0579328 0.0133258 0.422529 -0.359764 0.422529 -0.480715 -0.128947 -0.480715
895 0.483035 0.443696 0.178822 -0.369823 0.178822 -0.291658 -0.297291 -0.291658
896 0.0218258 0.387762 0.146351 -0.134905 0.146351 -0.283344 -0.297881 -0.283344
897 0.0503577 0.00788129 0.146351 -0.362642 0.146351 -0.283344 -0.129648 -0.283344
898 0.220161 0.476553 0.349353 -0.409011 0.349353 -0.339043 -0.034077 -0.339043
899 0.214668 0.485172 0.325173 -0.375643 0.325173 -0.575002 -0.0566312 -0.575002
900 0.45017 0.0489835 0.422529 -0.239208 0.422529 -0.480715 0.0479897 -0.480715
901 0.997467 0.573931 0 -0.610793 0 0 -0.390209 0
902 0.198719 0.252778 0.24563 -0.390135 0.24563 -0.121979 -0.0819005 -0.121979
903 0.223513 0.263734 0.0731753 -0.414381 0.0731753 -0.141672 -0.0545754 -0.141672
904 0.582942 0.997097 -2.83797 -1.06729 -2.83797 -1.89903 -0.302716 -1.89903
905 0.765772 0.666336 -0.0472789 -0.801198 -0.0472789 0.0038709 -0.362333 0.0038709
906 0.211509 0.986687 0.606112 -0.824512 0.606112 0.256632 -0.271803 0.256632
907 0.0501357 0.0260996 0 -0.361829 0 0 -0.130418 0
908 0.0361665 0.392116 0.146351 -0.165613 0.146351 -0.283344 -0.275265 -0.283344
909 0.804005 0.302643 0.251998 -0.582514 0.251998 -0.43333 -0.57453 -0.43333
910 0.660753 0.0348085 0.146351 -0.335182 0.146351 -0.283344 -0.204135 -0.283344
911 0.434073 0.97986 1.21262 -0.885438 1.21262 2.02132 -0.360908 2.02132
912 0.831699 0.312045 0 -0.566767 0 0 -0.51597 0
913 0.629906 0.00606113 -0.543541 -0.18435 -0.543541 -0.343076 -0.0245925 -0.343076
914 0.963479 0.185155 0.0731753 -0.462983 0.0731753 -0.141672 -0.225174 -0.141672
915 0.974769 0.158257 0.106729 -0.442658 0.106729 -0.71135 -0.162067 -0.71135
916 0.0405828 0.554915 -0.162735 -0.292367 -0.162735 -0.568063 -0.19177 -0.568063
917 0.0533682 0.795605 0.0731753 -0.78037 0.0731753 -0.141672 -0.19662 -0.141672
918 0.033938 0.586527 0.422529 -0.341046 0.422529 -0.480715 -0.190164 -0.480715
919 0.0584381 0.00570258 0.0731753 -0.360278 0.0731753 -0.141672 -0.128557 -0.141672
920 0.445953 0.818318 0.146351 -0.800382 0.146351 -0.283344 -0.36234 -0.283344
921 0.633866 0.366832 -0.391475 -0.636623 -0.391475 -0.255078 -0.603586 -0.255078
922 0.200301 0.270352 0.0731753 -0.408309 0.0731753 -0.141672 -0.0722527 -0.141672
923 0.415606 0.768402 0 -0.793494 0 0 -0.547993 0
924 0.447578 0.843889 0.0731753 -0.851754 0.0731753 -0.141672 -0.346177 -0.141672
925 0.151342 0.213912 0.146351 -0.347023 0.146351 -0.283344 -0.119432 -0.283344
926 0.255393 0.994415 0.146351 -0.753923 0.146351 -0.283344 -0.287164 -0.283344
927 0.814202 0.672025 0.24563 -0.780081 0.24563 -0.121979 -0.398869 -0.121979
928 0.297151 0.774554 -1.06475 -0.661153 -1.06475 0.329884 -0.25499 0.329884
929 0.337389 0.147895 0.146351 -0.356437 0.146351 -0.283344 -0.0179279 -0.283344
930 0.435483 0.83685 0.0731753 -0.830501 0.0731753 -0.141672 -0.350396 -0.141672
931 0.99525 0.581036 0.335071 -0.615885 0.335071 -0.2022 -0.390671 -0.2022
932 0.812085 0.311271 0.146351 -0.574958 0.146351 -0.283344 -0.555141 -0.283344
933 0.519918 0.672623 0.0731753 -0.75092 0.0731753 -0.141672 -0.299121 -0.141672
934 0.968912 0.980832 0.324724 -0.725129 0.324724 -0.32666 -0.314464 -0.32666
935 0.571161 0.990157 0.0731753 -1.02428 0.0731753 -0.141672 -0.301747 -0.141672
936 0.221669 0.0267132 0.0731753 -0.268523 0.0731753 -0.141672 -0.114609 -0.141672
937 0.172345 0.218854 0.0731753 -0.343075 0.0731753 -0.141672 -0.112911 -0.141672
938 0.0377352 0.981803 0.146351 -0.751388 0.146351 -0.283344 -0.244712 -0.283344
939 0.967204 0.0297201 0.0731753 -0.338175 0.0731753 -0.141672 0.233508 -0.141672
940 0.0492727 0.0243606 0.146351 -0.361829 0.146351 -0.283344 -0.130418 -0.283344
941 0.0240388 0.824651 0.24952 -0.654909 0.24952 -0.296583 -0.213479 -0.296583
942 0.996431 0.363199 0.261896 -0.529024 0.261896 -0.0605277 -0.362364 -0.0605277
943 0.882851 0.525159 -0.0516853 -0.631076 -0.0516853 0.67929 -0.47591 0.67929
944 0.980414 0.589219 0.0731753 -0.627109 0.0731753 -0.141672 -0.396721 -0.141672
945 0.979907 0.334556 0.146351 -0.523266 0.146351 -0.283344 -0.360347 -0.283344
946 0.825573 0.480542 -0.0623613 -0.57554 -0.0623613 -0.130464 -0.543557 -0.130464
947 0.334386 0.179368 0.0731753 -0.394134 0.0731753 -0.141672 -0.00693399 -0.141672
948 0.432132 0.851796 0 -0.908713 0 0 -0.349974 0
949 0.641005 0.0201015 0.146351 -0.237285 0.146351 -0.283344 -0.194885 -0.283344
950 0.92455 0.768677 0.0731753 -0.729331 0.0731753 -0.141672 -0.349654 -0.141672
951 0.547537 0.197525 1.4193 -0.183255 1.4193 0.948411 0.195405 0.948411
952 0.835801 0.946564 0.0731753 -0.92265 0.0731753 -0.141672 -0.323652 -0.141672
953 0.387659 0.644215 0.146351 -0.656342 0.146351 -0.283344 -0.325229 -0.283344
954 0.352597 0.59218 0.0731753 -0.676282 0.0731753 -0.141672 -0.350183 -0.141672
955 0.34368 0.578403 0.0731753 -0.763384 0.0731753 -0.141672 -0.465032 -0.141672
956 0.00338749 0.193108 -0.361504 -0.3774 -0.361504 -1.97047 -0.146562 -1.97047
957 0.285231 0.829513 0.0731753 -0.66327 0.0731753 -0.141672 -0.27573 -0.141672
958 0.515328 0.678939 -0.0895596 -0.753496 -0.0895596 -0.709735 -0.318685 -0.709735
959 0.376797 0.177381 0.44136 -0.432352 0.44136 -0.609444 0.00767631 -0.609444
960 0.828987 0.319841 0.0731753 -0.566428 0.0731753 -0.141672 -0.523447 -0.141672
961 0.223663 0.279821 0.0731753 -0.428455 0.0731753 -0.141672 -0.0463176 -0.141672
962 0.185361 0.247984 -0.472753 -0.380885 -0.472753 0.0984347 -0.0916392 0.0984347
963 0.0327771 0.978995 0.146351 -0.733651 0.146351 -0.283344 -0.24349 -0.283344
964 0.95022 0.365311 0.422529 -0.537351 0.422529 -0.480715 -0.396762 -0.480715
965 0.259501 0.827863 0.146351 -0.648081 0.146351 -0.283344 -0.265725 -0.283344
966 0.181215 0.486974 0.146351 -0.109843 0.146351 -0.283344 -0.124026 -0.283344
967 0.462652 0.022154 0.771582 -0.245524 0.771582 -0.193604 0.0181266 -0.193604
968 0.516065 0.244523 0.0731753 -0.349846 0.0731753 -0.141672 -0.0915952 -0.141672
969 0.0213797 0.818161 0.0731753 -0.65499 0.0731753 -0.141672 -0.212371 -0.141672
970 0.988069 0.0159363 0.0731753 -0.334862 0.0731753 -0.141672 0.255774 -0.141672
971 0.799602 0.305183 -1.09647 -0.579879 -1.09647 -0.835545 -0.585163 -0.835545
972 0.00515248 0.811659 0 -0.631497 0 0 -0.212549 0
973 0.36085 0.146739 0.0731753 -0.370856 0.0731753 -0.141672 0.00373984 -0.141672
974 0.458871 0.024864 -0.904579 -0.244775 -0.904579 -0.407011 0.0212198 -0.407011
975 0.449675 0.0266256 0 -0.25005 0 0 0.0225932 0
976 0.585225 0.37301 0.0731753 -0.493483 0.0731753 -0.141672 -0.384849 -0.141672
977 0.0022455 0.0218133 0.0731753 -0.374631 0.0731753 -0.141672 -0.135748 -0.141672
978 0.230076 0.0187062 0.422529 -0.265848 0.422529 -0.480715 -0.111915 -0.480715
979 0.981476 0.781519 0.422164 -0.691597 0.422164 1.05973 -0.343927 1.05973
980 0.531607 0.737429 0 -0.842004 0 0 -0.342808 0
981 0.365918 0.582148 0.0731753 -0.696404 0.0731753 -0.141672 -0.358869 -0.141672
982 0.0489056 0.361057 0.552466 -0.295825 0.552466 0.386308 -0.195192 0.386308
983 0.465018 0.467098 0.146351 -0.425714 0.146351 -0.283344 -0.281799 -0.283344
984 0.505121 0.704134 0.146351 -0.785581 0.146351 -0.283344 -0.352364 -0.283344
985 0.0406969 0.417465 0.448633 -0.0869242 0.448633 -0.177678 -0.318253 -0.177678
986 0.180251 0.460206 1.35601 -0.26936 1.35601 1.69155 -0.100251 1.69155
987 0.954999 0.359752 0.75977 -0.534867 0.75977 -1.72056 -0.390199 -1.72056
988 0.48243 0.987202 0.0731753 -0.85467 0.0731753 -0.141672 -0.318886 -0.141672
989 0.977597 0.591759 0.325173 -0.628756 0.325173 -0.575002 -0.398227 -0.575002
990 0.835761 0.468192 0.422529 -0.571923 0.422529 -0.480715 -0.526383 -0.480715
991 0.00325508 0.993193 0.0731753 -0.681562 0.0731753 -0.141672 -0.240912 -0.141672
992 0.202584 0.250489 0.146351 -0.388429 0.146351 -0.283344 -0.0795451 -0.283344
993 0.832942 0.0114679 0.0731753 -0.300989 0.0731753 -0.141672 -0.172924 -0.141672
994 0.442391 0.792271 0.0731753 -0.78302 0.0731753 -0.141672 -0.420198 -0.141672
995 0.661993 0.000883091 0.146351 0.217756 0.146351 -0.283344 0.39017 -0.283344
996 0.351963 0.354503 0.422228 -0.557565 0.422228 0.145439 -0.0695212 0.145439
997 0.959253 0.172347 0.422529 -0.457217 0.422529 -0.480715 -0.210617 -0.480715
998 0.371288 0.329993 0.146351 -0.596075 0.146351 -0.283344 0.0256461 -0.283344
999 0.39376 0.366349 0.0731753 -0.454798 0.0731753 -0.141672 -0.179414 -0.141672

