QTL mutations	f	e0	e1	position	originGen
m2_0	0.589	0.0731753	-0.141672	348035	7343
m2_1	0.076	-0.23591	-0.426391	108494	7759
m2_2	0.0545	0.512088	0.22902	109240	7866
m2_3	0.0235	0.178822	-0.291658	301388	7887
m2_4	0.012	0.0992792	0.161365	348697	7967
m2_5	0.0115	0.422228	0.145439	321095	7941
m2_6	0.009	0.188721	0.0811444	105378	7911
m2_7	0.0045	0.0366139	-0.195013	109214	7989
m2_8	0.0045	-0.0472789	0.0038709	214537	7978
m2_9	0.004	-0.819719	-0.145705	19900	7991
m2_10	0.0035	-0.46465	-0.113405	212632	7998
m2_11	0.003	-0.718382	0.220414	19137	7997
m2_12	0.003	0.139761	0.0700931	140245	7959
m2_13	0.003	-0.644069	-0.4228	144065	7997
m2_14	0.0025	-0.977754	-0.265339	129927	7995
m2_15	0.0025	0.543035	0.0861083	329440	7969
m2_16	0.002	0.459762	0.539976	4737	7995
m2_17	0.002	-0.790209	-0.314501	143711	7992
m2_18	0.002	-0.587904	0.141799	30530	7997
m2_19	0.002	-0.584393	-0.0663633	322896	7989
m2_20	0.0015	-0.733017	-0.124497	316122	7997
m2_21	0.0015	-1.81407	-0.0791613	337657	7998
m2_22	0.0015	0.35575	-0.715037	141084	7996
m2_23	0.0015	0.176344	-0.154911	149517	7901
m2_24	0.0015	-0.349045	-0.667178	320373	7990
m2_25	0.0015	-1.94553	0.00499568	11290	7998
m2_26	0.0015	-0.984998	0.243313	29190	7992
m2_27	0.0015	-0.96386	-0.297702	209945	7997
m2_28	0.0015	-0.900441	-0.636924	322236	7992
m2_29	0.0015	-0.644025	0.560117	113710	7993
m2_30	0.0015	0.178373	-0.0433154	33512	7917
m2_31	0.001	0.501703	0.464101	333342	7999
m2_32	0.001	0.330126	0.322064	121310	7998
m2_33	0.001	-1.38906	0.0340813	335763	7999
m2_34	0.001	0.262538	-0.317786	327767	7996
m2_35	0.001	-0.90867	-0.700539	332813	7999
m2_36	0.001	0.35035	-0.0534239	22233	7998
m2_37	0.001	-0.232583	-0.365712	28344	7998
m2_38	0.001	-0.145268	-0.27802	118842	7973
m2_39	0.001	0.746449	-0.479939	37190	7999
m2_40	0.001	-0.610629	-1.02396	242250	7999
m2_41	0.001	-0.67086	0.159007	315878	7998
m2_42	0.0005	0.306406	1.20157	38013	8000
m2_43	0.0005	-0.252062	1.34762	214832	7999
m2_44	0.0005	1.67954	-1.21582	328275	8000
m2_45	0.0005	0.0192464	-0.129454	123811	7989
m2_46	0.0005	2.0527	1.34302	126802	8000
m2_47	0.0005	0.0327927	0.342183	41614	7988
m2_48	0.0005	-0.637434	-0.135264	13819	8000
m2_49	0.0005	-0.044269	-0.130215	143608	8000
m2_50	0.0005	-0.155863	-0.273782	348074	8000
m2_51	0.0005	0.613419	-1.43721	212970	7999
m2_52	0.0005	-0.135537	0.0112077	146455	7998
m2_53	0.0005	-0.601796	-1.28155	112965	7998
m2_54	0.0005	-0.621478	0.517044	326162	7997
m2_55	0.0005	-1.33046	-2.40621	300604	7999
m2_56	0.0005	0.094206	-0.264657	237198	7989
m2_57	0.0005	0.157306	-1.07879	238516	8000
m2_58	0.0005	0.414373	1.50049	216217	7999
m2_59	0.0005	-0.408554	0.506921	146057	8000
m2_60	0.0005	-0.565794	-0.176449	114082	7998
m2_61	0.0005	0.801293	2.0381	16350	8000
m2_62	0.0005	0.47929	0.52798	202720	7999
m2_63	0.0005	-1.70019	0.322675	304808	8000
m2_64	0.0005	1.0206	1.02918	215051	8000
m2_65	0.0005	1.59447	-1.65506	140964	8000
m2_66	0.0005	0.260731	-0.37833	242481	8000
m2_67	0.0005	-1.27286	-0.163833	329313	8000
m2_68	0.0005	-0.860079	-0.87322	312613	8000
m2_69	0.0005	-0.646486	-0.00830405	106424	8000
m2_70	0.0005	1.70613	-0.773423	306931	8000
m2_71	0.0005	0.560135	0.575904	102516	7996
m2_72	0.0005	-0.944198	0.591979	327026	8000
m2_73	0.0005	-1.75574	-0.138453	139310	7998
m2_74	0.0005	0.0300218	0.720551	331489	8000
m2_75	0.0005	-0.613617	-2.36035	137017	8000
m2_76	0.0005	1.51222	0.496193	228226	7999
m2_77	0.0005	-0.124861	0.820962	1673	7997
m2_78	0.0005	1.04608	1.17155	303425	8000
m2_79	0.0005	-0.917216	0.473248	245365	7999
m2_80	0.0005	-1.42608	0.00796313	225835	8000
m2_81	0.0005	-1.0582	2.10057	126692	8000
m2_82	0.0005	0.308162	-0.0118155	33399	7997
m2_83	0.0005	-0.658269	-0.80348	119830	7999
m2_84	0.0005	-2.98432	-1.61569	6922	8000
m2_85	0.0005	0.717211	2.01755	124167	8000
m2_86	0.0005	0.760862	1.00274	102160	8000
m2_87	0.0005	0.543977	0.0541984	320196	7994
m2_88	0.0005	1.28283	1.83322	303045	8000
m2_89	0.0005	-0.507854	-1.68713	126848	7998
m2_90	0.0005	0.162588	-0.853246	101932	8000
m2_91	0.0005	0.148316	0.499503	318824	8000
m2_92	0.0005	0.642124	0.158036	214933	8000
m2_93	0.0005	0.563359	1.47634	127632	8000
m2_94	0.0005	-0.482893	-0.64797	214299	8000
m2_95	0.0005	-1.24282	-0.552201	138349	7998
m2_96	0.0005	1.14243	2.72426	325164	8000
m2_97	0.0005	-2.26717	0.70194	144618	8000
m2_98	0.0005	0.239831	1.08798	691	7999
m2_99	0.0005	1.23224	0.266619	233528	8000
m2_100	0.0005	-2.68464	1.6202	209402	8000
m2_101	0.0005	1.64564	-1.49118	327208	8000
m2_102	0.0005	0.220813	0.334397	314791	8000
m2_103	0.0005	1.79347	-0.398096	313079	8000
m2_104	0.0005	-0.161725	-0.496677	246634	7990
m2_105	0.0005	0.468599	-0.178055	215323	8000
m2_106	0.0005	0.393113	-0.0088294	342023	8000
m2_107	0.0005	-1.13793	0.471556	2834	7997
m2_108	0.0005	0.266808	-0.686767	145238	7995

